 nm      %
241.6	4.2
242.2	4.4
242.7	4.6
243.2	4.7
243.8	4.5
244.3	4.5
244.8	4.7
245.4	4.6
245.9	4.4
246.4	4.2
246.9	4.6
247.5	4.6
248.0	4.3
248.5	4.2
249.1	4.5
249.6	4.5
250.1	4.3
250.7	4.3
251.2	4.7
251.7	4.6
252.3	4.4
252.8	4.2
253.3	4.5
253.9	4.5
254.4	4.2
254.9	4.1
255.5	4.5
256.0	4.5
256.5	4.2
257.1	4.1
257.6	4.4
258.1	4.3
258.7	3.9
259.2	4.1
259.7	4.3
260.2	4.2
260.8	3.8
261.3	3.9
261.8	4.2
262.4	4.3
262.9	4.0
263.4	3.8
264.0	4.2
264.5	4.2
265.0	3.9
265.6	3.8
266.1	4.1
266.6	4.1
267.2	3.9
267.7	3.9
268.2	4.2
268.8	4.1
269.3	3.7
269.8	3.6
270.4	4.0
270.9	4.0
271.4	3.7
272.0	3.7
272.5	4.1
273.0	4.1
273.5	3.7
274.1	3.6
274.6	4.0
275.1	4.0
275.7	3.5
276.2	3.5
276.7	3.9
277.3	4.0
277.8	3.7
278.3	3.5
278.9	3.8
279.4	4.0
279.9	3.6
280.5	3.5
281.0	3.9
281.5	3.9
282.1	3.6
282.6	3.5
283.1	3.8
283.7	3.8
284.2	3.4
284.7	3.3
285.3	3.7
285.8	3.9
286.3	3.5
286.8	3.2
287.4	3.5
287.9	3.6
288.4	3.3
289.0	3.4
289.5	3.8
290.0	3.9
290.6	3.5
291.1	3.4
291.6	3.7
292.2	3.7
292.7	3.4
293.2	3.3
293.8	3.6
294.3	3.5
294.8	3.1
295.4	3.2
295.9	3.5
296.4	3.6
297.0	3.2
297.5	3.3
298.0	3.6
298.6	3.7
299.1	3.4
299.6	3.5
300.1	3.8
300.7	3.6
301.2	3.2
301.7	3.3
302.3	3.7
302.8	3.6
303.3	3.2
303.9	3.2
304.4	3.5
304.9	3.4
305.5	3.1
306.0	3.1
306.5	3.5
307.1	3.6
307.6	3.3
308.1	3.3
308.7	3.5
309.2	3.5
309.7	3.2
310.3	3.2
310.8	3.5
311.3	3.6
311.8	3.2
312.4	3.1
312.9	3.5
313.4	3.7
314.0	3.3
314.5	3.2
315.0	3.5
315.6	3.6
316.1	3.3
316.6	3.3
317.2	3.5
317.7	3.6
318.2	3.3
318.8	3.3
319.3	3.7
319.8	3.6
320.4	3.2
320.9	3.2
321.4	3.5
322.0	3.5
322.5	3.1
323.0	3.4
323.6	3.8
324.1	3.8
324.6	3.3
325.1	3.1
325.7	3.3
326.2	3.4
326.7	3.1
327.3	3.1
327.8	3.5
328.3	3.5
328.9	3.1
329.4	3.0
329.9	3.5
330.5	3.6
331.0	3.2
331.5	3.0
332.1	3.4
332.6	3.4
333.1	3.1
333.7	3.0
334.2	3.3
334.7	3.4
335.3	3.2
335.8	3.2
336.3	3.4
336.9	3.2
337.4	2.8
337.9	2.9
338.4	3.3
339.0	3.5
339.5	3.2
340.0	3.0
340.6	3.3
341.1	3.3
341.6	2.9
342.2	2.9
342.7	3.2
343.2	3.3
343.8	2.9
344.3	2.9
344.8	3.2
345.4	3.2
345.9	2.8
346.4	2.8
347.0	3.2
347.5	3.3
348.0	2.9
348.6	2.8
349.1	3.1
349.6	3.2
350.2	2.9
350.7	2.9
351.2	3.2
351.7	3.3
352.3	2.9
352.8	2.8
353.3	3.1
353.9	3.3
354.4	2.9
354.9	2.9
355.5	3.1
356.0	3.3
356.5	3.0
357.1	3.0
357.6	3.2
358.1	3.1
358.7	2.8
359.2	2.9
359.7	3.1
360.3	3.1
360.8	2.7
361.3	2.7
361.9	3.0
362.4	3.1
362.9	2.8
363.5	2.7
364.0	2.9
364.5	3.0
365.0	2.7
365.6	2.8
366.1	3.1
366.6	3.1
367.2	2.8
367.7	2.9
368.2	3.3
368.8	3.3
369.3	3.0
369.8	3.1
370.4	3.4
370.9	3.3
371.4	2.9
372.0	2.8
372.5	3.0
373.0	3.2
373.6	2.9
374.1	2.9
374.6	3.1
375.2	3.2
375.7	2.8
376.2	2.6
376.8	3.0
377.3	3.2
377.8	3.0
378.3	2.9
378.9	3.2
379.4	3.2
379.9	2.9
380.5	2.9
381.0	3.1
381.5	3.2
382.1	2.9
382.6	3.1
383.1	3.5
383.7	3.4
384.2	3.0
384.7	3.0
385.3	3.3
385.8	3.3
386.3	2.9
386.9	2.9
387.4	3.2
387.9	3.2
388.5	2.9
389.0	2.9
389.5	3.2
390.1	3.1
390.6	2.7
391.1	2.9
391.6	3.2
392.2	3.3
392.7	2.9
393.2	2.7
393.8	2.9
394.3	3.0
394.8	2.7
395.4	2.7
395.9	2.8
396.4	2.8
397.0	2.5
397.5	2.5
398.0	2.8
398.6	3.0
399.1	2.7
399.6	2.5
400.2	2.8
400.7	2.9
401.2	2.5
401.8	2.5
402.3	2.9
402.8	3.1
403.4	2.9
403.9	2.7
404.4	3.0
404.9	3.0
405.5	2.6
406.0	2.5
406.5	2.7
407.1	2.7
407.6	2.4
408.1	2.6
408.7	2.9
409.2	2.8
409.7	2.5
410.3	2.7
410.8	3.1
411.3	3.2
411.9	2.8
412.4	2.7
412.9	3.0
413.5	3.1
414.0	2.8
414.5	2.8
415.1	3.0
415.6	3.1
416.1	2.8
416.7	2.9
417.2	3.2
417.7	3.2
418.2	2.8
418.8	2.8
419.3	3.1
419.8	3.2
420.4	3.0
420.9	3.0
421.4	3.4
422.0	3.6
422.5	3.2
423.0	2.9
423.6	3.2
424.1	3.5
424.6	3.3
425.2	3.4
425.7	3.7
426.2	3.8
426.8	3.5
427.3	3.7
427.8	4.0
428.4	4.1
428.9	3.9
429.4	3.9
430.0	4.4
430.5	4.5
431.0	4.2
431.5	4.3
432.1	4.8
432.6	5.0
433.1	4.9
433.7	5.3
434.2	6.2
434.7	6.8
435.3	6.9
435.8	7.2
436.3	8.2
436.9	8.9
437.4	9.2
437.9	10.0
438.5	11.2
439.0	12.2
439.5	12.7
440.1	13.6
440.6	15.3
441.1	16.8
441.7	17.6
442.2	19.0
442.7	21.5
443.3	23.6
443.8	25.1
444.3	27.0
444.8	29.5
445.4	31.4
445.9	32.8
446.4	34.9
447.0	37.2
447.5	38.9
448.0	39.9
448.6	41.0
449.1	42.1
449.6	42.8
450.2	43.0
450.7	43.4
451.2	43.7
451.8	43.3
452.3	42.4
452.8	41.7
453.4	41.0
453.9	39.8
454.4	37.9
455.0	36.2
455.5	35.0
456.0	33.5
456.6	31.4
457.1	29.6
457.6	28.6
458.1	27.2
458.7	25.5
459.2	24.1
459.7	23.4
460.3	22.5
460.8	21.2
461.3	20.1
461.9	19.7
462.4	19.0
462.9	18.0
463.5	17.6
464.0	17.4
464.5	16.9
465.1	16.0
465.6	15.4
466.1	15.2
466.7	14.8
467.2	14.1
467.7	13.7
468.3	13.7
468.8	13.4
469.3	12.6
469.8	12.2
470.4	12.1
470.9	11.8
471.4	11.0
472.0	10.7
472.5	10.8
473.0	10.6
473.6	9.8
474.1	9.5
474.6	9.6
475.2	9.5
475.7	9.0
476.2	9.0
476.8	9.2
477.3	9.2
477.8	8.8
478.4	8.8
478.9	9.0
479.4	8.9
480.0	8.6
480.5	8.7
481.0	9.1
481.6	9.3
482.1	8.9
482.6	8.6
483.1	8.9
483.7	9.1
484.2	8.7
484.7	8.5
485.3	8.7
485.8	8.6
486.3	8.2
486.9	8.0
487.4	8.3
487.9	8.3
488.5	7.9
489.0	7.7
489.5	8.1
490.1	8.2
490.6	7.9
491.1	7.9
491.7	8.4
492.2	8.7
492.7	8.6
493.3	8.7
493.8	9.2
494.3	9.2
494.9	9.0
495.4	9.2
495.9	9.7
496.4	9.9
497.0	9.8
497.5	10.1
498.0	10.8
498.6	11.3
499.1	11.3
499.6	11.3
500.2	12.1
500.7	12.9
501.2	13.2
501.8	13.7
502.3	14.6
502.8	15.2
503.4	15.5
503.9	16.0
504.4	17.0
505.0	17.6
505.5	17.8
506.0	18.3
506.6	19.6
507.1	20.5
507.6	20.9
508.2	22.0
508.7	23.6
509.2	24.8
509.7	25.6
510.3	26.7
510.8	28.4
511.3	29.9
511.9	30.8
512.4	32.1
512.9	33.5
513.5	34.2
514.0	34.5
514.5	34.9
515.1	35.7
515.6	36.3
516.1	36.5
516.7	37.1
517.2	38.0
517.7	38.4
518.3	38.6
518.8	39.1
519.3	40.0
519.9	40.6
520.4	40.8
520.9	41.5
521.5	42.5
522.0	43.3
522.5	43.6
523.0	44.3
523.6	45.2
524.1	45.8
524.6	46.0
525.2	46.3
525.7	47.1
526.2	47.7
526.8	47.8
527.3	48.0
527.8	48.3
528.4	48.3
528.9	47.9
529.4	47.8
530.0	47.8
530.5	47.5
531.0	46.8
531.6	46.7
532.1	46.9
532.6	46.9
533.2	46.4
533.7	46.1
534.2	46.3
534.8	46.3
535.3	45.9
535.8	45.5
536.3	45.5
536.9	45.2
537.4	44.5
537.9	43.9
538.5	43.7
539.0	43.2
539.5	42.3
540.1	41.6
540.6	41.1
541.1	40.4
541.7	39.3
542.2	38.5
542.7	37.9
543.3	37.0
543.8	35.6
544.3	34.7
544.9	34.2
545.4	33.4
545.9	32.3
546.5	31.4
547.0	31.0
547.5	30.2
548.1	29.1
548.6	28.3
549.1	27.9
549.6	27.1
550.2	25.9
550.7	24.9
551.2	24.5
551.8	23.9
552.3	22.9
552.8	22.1
553.4	21.7
553.9	21.1
554.4	20.1
555.0	19.4
555.5	19.2
556.0	18.8
556.6	17.9
557.1	17.4
557.6	17.1
558.2	16.4
558.7	15.5
559.2	15.0
559.8	14.9
560.3	14.6
560.8	13.7
561.4	13.1
561.9	13.1
562.4	12.8
562.9	12.1
563.5	11.4
564.0	11.3
564.5	11.1
565.1	10.4
565.6	10.1
566.1	10.1
566.7	9.7
567.2	9.0
567.7	8.6
568.3	8.6
568.8	8.5
569.3	7.8
569.9	7.6
570.4	7.7
570.9	7.4
571.5	6.8
572.0	6.6
572.5	6.8
573.1	6.7
573.6	6.3
574.1	6.2
574.7	6.4
575.2	6.4
575.7	6.2
576.2	6.4
576.8	6.8
577.3	6.8
577.8	6.7
578.4	6.9
578.9	7.5
579.4	7.9
580.0	7.8
580.5	8.2
581.0	8.9
581.6	9.2
582.1	9.2
582.6	9.7
583.2	10.4
583.7	10.7
584.2	10.5
584.8	10.6
585.3	11.2
585.8	11.5
586.4	11.3
586.9	11.5
587.4	11.8
588.0	11.8
588.5	11.4
589.0	11.4
589.5	11.7
590.1	11.8
590.6	11.4
591.1	11.2
591.7	11.5
592.2	11.4
592.7	11.0
593.3	10.9
593.8	11.3
594.3	11.4
594.9	11.1
595.4	11.3
595.9	11.8
596.5	12.0
597.0	11.8
597.5	11.9
598.1	12.0
598.6	11.7
599.1	11.2
599.7	11.0
600.2	11.2
600.7	11.1
601.3	10.7
601.8	10.8
602.3	11.3
602.8	11.5
603.4	11.4
603.9	11.7
604.4	12.3
605.0	12.3
605.5	12.2
606.0	13.3
606.6	19.3
607.1	28.5
607.6	32.6
608.2	32.8
608.7	30.5
609.2	25.7
609.8	21.7
610.3	21.0
610.8	28.7
611.4	44.5
611.9	57.7
612.4	60.6
613.0	58.9
613.5	52.3
614.0	40.2
614.6	30.7
615.1	25.2
615.6	20.7
616.1	18.6
616.7	18.2
617.2	18.4
617.7	18.3
618.3	17.8
618.8	17.3
619.3	17.3
619.9	17.1
620.4	16.7
620.9	16.5
621.5	17.0
622.0	17.3
622.5	17.4
623.1	18.0
623.6	18.9
624.1	19.4
624.7	19.7
625.2	20.6
625.7	21.5
626.3	22.5
626.8	25.1
627.3	30.2
627.8	43.8
628.4	65.9
628.9	88.2
629.4	100.0
630.0	97.5
630.5	87.9
631.0	74.6
631.6	56.3
632.1	47.8
632.6	57.2
633.2	71.5
633.7	79.2
634.2	76.7
634.8	67.6
635.3	50.7
635.8	34.6
636.4	24.6
636.9	17.3
637.4	12.5
638.0	9.5
638.5	8.6
639.0	8.1
639.6	7.1
640.1	6.6
640.6	6.8
641.1	7.1
641.7	6.8
642.2	6.8
642.7	7.4
643.3	7.6
643.8	7.8
644.3	10.0
644.9	17.2
645.4	25.3
645.9	28.1
646.5	28.1
647.0	25.7
647.5	20.0
648.1	13.6
648.6	10.2
649.1	9.1
649.7	8.5
650.2	7.7
650.7	7.5
651.3	7.2
651.8	6.7
652.3	5.8
652.9	5.3
653.4	5.2
653.9	5.1
654.4	4.6
655.0	4.4
655.5	4.5
656.0	4.3
656.6	3.8
657.1	3.5
657.6	3.6
658.2	3.6
658.7	3.3
659.2	3.2
659.8	3.3
660.3	3.3
660.8	2.9
661.4	2.9
661.9	3.1
662.4	3.0
663.0	2.7
663.5	2.8
664.0	3.1
664.6	3.2
665.1	3.0
665.6	3.0
666.2	3.3
666.7	3.4
667.2	3.2
667.7	3.3
668.3	3.6
668.8	3.6
669.3	3.1
669.9	3.1
670.4	3.3
670.9	3.5
671.5	3.0
672.0	3.0
672.5	3.1
673.1	3.2
673.6	2.9
674.1	2.9
674.7	3.2
675.2	3.2
675.7	2.9
676.3	2.9
676.8	3.1
677.3	3.2
677.9	2.8
678.4	2.7
678.9	2.9
679.5	3.0
680.0	2.7
680.5	2.9
681.0	3.1
681.6	3.0
682.1	2.8
682.6	2.9
683.2	3.1
683.7	3.0
684.2	2.7
684.8	2.8
685.3	3.0
685.8	3.0
686.4	2.7
686.9	2.7
687.4	2.8
688.0	2.7
688.5	2.3
689.0	2.5
689.6	2.7
690.1	2.9
690.6	2.5
691.2	2.5
691.7	2.7
692.2	2.9
692.8	2.5
693.3	2.4
693.8	2.6
694.3	2.7
694.9	2.4
695.4	2.3
695.9	2.5
696.5	2.7
697.0	2.4
697.5	2.5
698.1	2.7
698.6	2.8
699.1	2.3
699.7	2.2
700.2	2.3
700.7	2.5
701.3	2.1
701.8	2.1
702.3	2.3
702.9	2.3
703.4	2.0
703.9	2.2
704.5	2.5
705.0	2.6
705.5	2.1
706.1	2.2
706.6	2.4
707.1	2.5
707.6	2.1
708.2	2.1
708.7	2.3
709.2	2.4
709.8	2.0
710.3	2.0
710.8	2.2
711.4	2.3
711.9	1.9
712.4	1.9
713.0	2.0
713.5	2.1
714.0	1.8
714.6	2.1
715.1	2.2
715.6	2.1
716.2	1.7
716.7	1.9
717.2	2.1
717.8	2.2
718.3	1.8
718.8	1.9
719.4	2.0
719.9	2.1
720.4	1.7
720.9	1.7
721.5	1.9
722.0	1.9
722.5	1.6
723.1	1.8
723.6	2.1
724.1	2.2
724.7	1.8
725.2	1.8
725.7	1.9
726.3	2.1
726.8	1.7
727.3	1.9
727.9	2.1
728.4	2.0
728.9	1.6
729.5	1.6
730.0	1.9
730.5	2.1
731.1	1.6
731.6	1.5
732.1	1.7
732.7	1.9
733.2	1.4
733.7	1.4
734.2	1.6
734.8	1.9
735.3	1.5
735.8	1.4
736.4	1.6
736.9	1.8
737.4	1.4
738.0	1.4
738.5	1.7
739.0	2.0
739.6	1.7
740.1	1.7
740.6	1.8
741.2	1.9
741.7	1.6
742.2	1.7
742.8	2.0
743.3	2.1
743.8	1.7
744.4	1.7
744.9	1.9
745.4	2.0
746.0	1.6
746.5	1.6
747.0	1.7
747.5	1.8
748.1	1.5
748.6	1.6
749.1	1.8
749.7	1.9
750.2	1.4
750.7	1.4
751.3	1.6
751.8	1.8
752.3	1.4
752.9	1.5
753.4	1.7
753.9	1.8
754.5	1.4
755.0	1.4
755.5	1.7
756.1	1.9
756.6	1.5
757.1	1.6
757.7	1.7
758.2	1.9
758.7	1.5
759.3	1.5
759.8	1.7
760.3	1.8
760.8	1.4
761.4	1.6
761.9	1.8
762.4	1.9
763.0	1.5
763.5	1.6
764.0	1.8
764.6	1.9
765.1	1.5
765.6	1.5
766.2	1.8
766.7	2.1
767.2	1.7
767.8	1.7
768.3	1.8
768.8	2.0
769.4	1.6
769.9	1.4
770.4	1.6
771.0	1.7
771.5	1.3
772.0	1.5
772.6	1.7
773.1	1.9
773.6	1.5
774.1	1.6
774.7	1.8
775.2	1.9
775.7	1.4
776.3	1.4
776.8	1.6
777.3	1.9
777.9	1.6
778.4	1.6
778.9	1.8
779.5	1.9
780.0	1.5
780.5	1.7
781.1	1.9
781.6	2.0
782.1	1.6
782.7	1.6
783.2	1.8
783.7	2.0
784.3	1.6
784.8	1.7
785.3	1.8
785.8	1.8
786.4	1.4
786.9	1.4
787.4	1.6
788.0	1.7
788.5	1.4
789.0	1.4
789.6	1.6
790.1	1.5
790.6	1.2
791.2	1.4
791.7	1.6
792.2	1.7
792.8	1.3
793.3	1.4
793.8	1.6
794.4	1.8
794.9	1.4
795.4	1.6
796.0	1.8
796.5	1.8
797.0	1.4
797.6	1.5
798.1	1.8
798.6	2.0
799.1	1.6
799.7	1.7
800.2	1.9
800.7	2.0
801.3	1.6
801.8	1.6
802.3	1.7
802.9	1.6
803.4	1.3
803.9	1.5
804.5	1.7
805.0	1.8
805.5	1.4
806.1	1.3
806.6	1.6
807.1	1.9
807.7	1.5
808.2	1.5
808.7	1.6
809.3	1.7
809.8	1.3
810.3	1.3
810.9	1.5
811.4	1.8
811.9	1.4
812.4	1.5
813.0	1.7
813.5	1.9
814.0	1.5
814.6	1.4
815.1	1.6
815.6	1.7
816.2	1.4
816.7	1.4
817.2	1.7
817.8	1.9
818.3	1.4
818.8	1.2
819.4	1.5
819.9	1.7
820.4	1.4
821.0	1.3
821.5	1.6
822.0	1.7
822.6	1.3
823.1	1.4
823.6	1.6
824.2	1.7
824.7	1.4
825.2	1.4
825.7	1.7
826.3	1.9
826.8	1.5
827.3	1.4
827.9	1.5
828.4	1.5
828.9	1.2
829.5	1.2
830.0	1.4
830.5	1.5
831.1	1.2
831.6	1.3
832.1	1.5
832.7	1.5
833.2	1.2
833.7	1.3
834.3	1.5
834.8	1.6
835.3	1.2
835.9	1.4
836.4	1.6
836.9	1.7
837.5	1.3
838.0	1.3
838.5	1.6
839.0	1.8
839.6	1.4
840.1	1.2
840.6	1.3
841.2	1.5
841.7	1.1
842.2	1.1
842.8	1.4
843.3	1.7
843.8	1.3
844.4	1.1
844.9	1.4
845.4	1.7
846.0	1.4
846.5	1.3
847.0	1.4
847.6	1.6
848.1	1.2
848.6	1.2
849.2	1.4
849.7	1.7
850.2	1.3
850.8	1.3
851.3	1.5
851.8	1.6
852.3	1.3
852.9	1.4
853.4	1.6
853.9	1.7
854.5	1.3
855.0	1.4
855.5	1.6
856.1	1.6
856.6	1.3
857.1	1.4
857.7	1.6
858.2	1.7
858.7	1.4
859.3	1.3
859.8	1.5
860.3	1.4
860.9	1.1
861.4	1.1
861.9	1.3
862.5	1.5
863.0	1.1
863.5	1.1
864.1	1.4
864.6	1.6
865.1	1.3
865.6	1.2
866.2	1.5
866.7	1.7
867.2	1.4
867.8	1.4
868.3	1.7
868.8	1.8
869.4	1.5
869.9	1.5
870.4	1.8
871.0	1.9
871.5	1.6
872.0	1.6
872.6	1.8
873.1	2.0
873.6	1.7
874.2	1.8
874.7	2.0
875.2	2.1
875.8	1.8
876.3	1.8
876.8	2.1
877.4	2.3
877.9	2.0
878.4	2.1
878.9	2.3
879.5	2.3
880.0	1.9
880.5	1.8
881.1	2.0
881.6	2.2
882.1	2.0
882.7	1.9
883.2	2.1
883.7	2.2
884.3	2.0
884.8	2.0
885.3	2.2
885.9	2.4
886.4	2.1
886.9	2.1
887.5	2.3
888.0	2.5
888.5	2.3
889.1	2.3
889.6	2.5
890.1	2.5
890.7	2.3
891.2	2.3
891.7	2.5
892.2	2.7
892.8	2.4
893.3	2.4
893.8	2.6
894.4	2.7
894.9	2.4
895.4	2.5
896.0	2.7
896.5	2.7
897.0	2.4
897.6	2.3
898.1	2.6
898.6	2.7
899.2	2.4
899.7	2.4
900.2	2.7
900.8	2.8
901.3	2.4
901.8	2.3
902.4	2.5
902.9	2.7
903.4	2.3
904.0	2.3
904.5	2.4
905.0	2.4
905.5	2.1
906.1	2.1
906.6	2.3
907.1	2.2
907.7	2.0
908.2	2.0
908.7	2.2
909.3	2.2
909.8	2.0
910.3	2.0
910.9	2.3
911.4	2.3
911.9	2.0
912.5	1.8
913.0	2.0
913.5	2.1
914.1	1.9
914.6	2.0
915.1	2.2
915.7	2.1
916.2	1.7
916.7	1.7
917.3	1.9
917.8	2.1
918.3	1.7
918.8	1.6
919.4	1.8
919.9	1.9
920.4	1.6
921.0	1.6
921.5	1.8
922.0	1.9
922.6	1.6
923.1	1.5
923.6	1.7
924.2	1.8
924.7	1.5
925.2	1.5
925.8	1.8
926.3	1.9
926.8	1.5
927.4	1.4
927.9	1.6
928.4	1.7
929.0	1.4
929.5	1.3
930.0	1.6
930.6	1.8
931.1	1.4
931.6	1.4
932.1	1.6
932.7	1.7
933.2	1.3
933.7	1.3
934.3	1.5
934.8	1.6
935.3	1.3
935.9	1.2
936.4	1.4
936.9	1.4
937.5	1.1
938.0	1.2
938.5	1.4
939.1	1.5
939.6	1.2
940.1	1.2
940.7	1.5
941.2	1.6
941.7	1.2
942.3	1.1
942.8	1.2
943.3	1.3
943.8	1.1
944.4	1.1
944.9	1.4
945.4	1.6
946.0	1.2
946.5	1.0
947.0	1.2
947.6	1.4
948.1	1.1
948.6	1.2
949.2	1.4
949.7	1.4
950.2	1.0
950.8	1.0
951.3	1.3
951.8	1.3
952.4	1.0
952.9	1.0
953.4	1.2
954.0	1.4
954.5	1.1
955.0	1.0
955.6	1.2
956.1	1.2
956.6	0.9
957.1	1.0
957.7	1.3
958.2	1.4
958.7	1.1
959.3	1.1
959.8	1.3
960.3	1.3
960.9	1.0
961.4	1.0
961.9	1.2
962.5	1.2
963.0	0.9
963.5	0.8
964.1	1.0
964.6	1.1
965.1	0.8
965.7	0.8
966.2	1.1
966.7	1.4
967.3	1.0
967.8	0.7
968.3	0.9
968.9	1.0
969.4	0.8
969.9	0.9
970.4	1.2
971.0	1.2
971.5	0.9
972.0	0.8
972.6	1.1
973.1	1.2
973.6	1.0
974.2	1.0
974.7	1.2
975.2	1.2
975.8	0.9
976.3	0.8
976.8	1.0
977.4	1.0
977.9	0.8
978.4	0.8
979.0	1.1
979.5	1.2
980.0	1.0
980.6	0.9
981.1	1.2
981.6	1.3
982.2	1.0
982.7	1.0
983.2	1.2
983.7	1.2
984.3	0.9
984.8	0.9
985.3	1.2
985.9	1.2
986.4	0.9
986.9	0.9
987.5	1.1
988.0	1.2
988.5	0.9
989.1	0.8
989.6	1.0
990.1	1.1
990.7	0.9
991.2	0.8
991.7	1.0
992.3	1.1
992.8	0.9
993.3	0.9
993.9	1.2
994.4	1.4
994.9	1.2
995.5	1.2
996.0	1.4
996.5	1.5
997.0	1.2
997.6	1.1
998.1	1.3
998.6	1.4
999.2	1.1
999.7	1.0
1000.2	1.3
1000.8	1.5
1001.3	1.3
1001.8	1.2
1002.4	1.4
1002.9	1.5
1003.4	1.2
1004.0	1.3
1004.5	1.5
1005.0	1.4
1005.6	1.1
1006.1	1.0
1006.6	1.2
1007.2	1.4
1007.7	1.2
1008.2	1.2
1008.8	1.4
1009.3	1.4
1009.8	1.1
1010.3	1.1
1010.9	1.3
1011.4	1.4
1011.9	1.2
1012.5	1.2
1013.0	1.4
1013.5	1.6
1014.1	1.4
1014.6	1.3
1015.1	1.5
1015.7	1.5
1016.2	1.3
1016.7	1.3
1017.3	1.5
1017.8	1.6
1018.3	1.5
1018.9	1.4
1019.4	1.7
1019.9	1.7
1020.5	1.5
1021.0	1.6
1021.5	1.8
1022.1	1.9
1022.6	1.7
1023.1	1.7
1023.6	1.9
1024.2	1.9
1024.7	1.6
1025.2	1.6
1025.8	1.8
1026.3	1.9
1026.8	1.6
1027.4	1.7
1027.9	1.9
1028.4	2.0
1029.0	1.7
1029.5	1.7
1030.0	1.9
1030.6	1.9
1031.1	1.6
1031.6	1.7
1032.2	1.9
1032.7	2.0
1033.2	1.7
1033.8	1.7
1034.3	1.8
1034.8	1.8
1035.4	1.6
1035.9	1.6
1036.4	1.8
1036.9	1.8
1037.5	1.7
1038.0	1.6
1038.5	1.8
1039.1	1.9
1039.6	1.6
1040.1	1.5
1040.7	1.7
1041.2	1.8
1041.7	1.7
1042.3	1.7
1042.8	1.9
1043.3	2.0
1043.9	1.8
1044.4	1.7
1044.9	2.0
1045.5	2.1
1046.0	1.8
1046.5	1.8
1047.1	2.0
1047.6	2.0
1048.1	1.8
1048.7	1.7
1049.2	1.9
1049.7	1.9
1050.2	1.8
1050.8	1.8
1051.3	2.0
1051.8	2.0
1052.4	1.7
1052.9	1.7
1053.4	2.0
1054.0	2.1
1054.5	1.9
1055.0	1.8
1055.6	2.0
1056.1	2.1
1056.6	1.9
1057.2	1.8
1057.7	2.1
1058.2	2.2
1058.8	2.0
1059.3	1.9
1059.8	2.1
1060.4	2.3
1060.9	2.0
1061.4	1.8
1062.0	1.9
1062.5	2.0
1063.0	1.8
1063.5	1.7
1064.1	2.0
1064.6	2.1
1065.1	1.9
1065.7	1.8
1066.2	2.0
1066.7	2.0
1067.3	1.7
1067.8	1.7
1068.3	1.9
1068.9	2.0
1069.4	1.8
1069.9	1.7
1070.5	1.9
1071.0	1.9
1071.5	1.6
1072.1	1.6
1072.6	1.8
1073.1	1.8
1073.7	1.6
1074.2	1.6
1074.7	1.9
1075.3	2.0
1075.8	1.7
1076.3	1.6
1076.8	1.8
1077.4	1.9
1077.9	1.6
1078.4	1.5
1079.0	1.6
1079.5	1.7
1080.0	1.4
1080.6	1.4
1081.1	1.5
1081.6	1.5
1082.2	1.3
1082.7	1.1
1083.2	1.3
1083.8	1.5
1084.3	1.3
1084.8	1.3
1085.4	1.5
1085.9	1.5
1086.4	1.2
1087.0	1.2
1087.5	1.4
1088.0	1.4
1088.6	1.2
1089.1	1.1
1089.6	1.3
1090.1	1.3
1090.7	1.0
1091.2	1.0
1091.7	1.1
1092.3	1.1
1092.8	0.9
1093.3	0.9
1093.9	1.0
1094.4	1.1
1094.9	0.9
1095.5	0.9
1096.0	1.2
1096.5	1.2
1097.1	0.9
1097.6	0.9
1098.1	1.2
1098.7	1.3
1099.2	1.0
1099.7	1.0
1100.3	1.3
1100.8	1.3
1101.3	1.1
1101.9	1.1
1102.4	1.3
1102.9	1.4
1103.4	1.0
1104.0	0.9
1104.5	1.0
1105.0	1.1
1105.6	0.9
1106.1	0.9
1106.6	1.2
1107.2	1.2
1107.7	0.9
1108.2	0.7
1108.8	0.9
1109.3	1.0
1109.8	0.9
1110.4	0.9
1110.9	1.1
1111.4	1.1
1112.0	0.8
1112.5	0.8
1113.0	1.0
1113.6	1.1
1114.1	0.8
1114.6	0.8
1115.2	1.0
1115.7	1.1
1116.2	0.8
1116.7	0.7
1117.3	0.9
1117.8	1.1
1118.3	0.9
1118.9	0.8
1119.4	0.9
1119.9	0.9
1120.5	0.6
1121.0	0.6
1121.5	0.8
1122.1	0.8
1122.6	0.6
1123.1	0.5
1123.7	0.7
1124.2	0.7
1124.7	0.6
1125.3	0.5
1125.8	0.6
1126.3	0.7
1126.9	0.5
1127.4	0.4
1127.9	0.6
1128.4	0.6
1129.0	0.4
1129.5	0.4
1130.0	0.5
1130.6	0.6
1131.1	0.4
1131.6	0.4
1132.2	0.6
1132.7	0.6
1133.2	0.5
1133.8	0.5
1134.3	0.7
1134.8	0.7
1135.4	0.5
1135.9	0.5
1136.4	0.7
1137.0	0.7
1137.5	0.5
1138.0	0.5
1138.6	0.6
1139.1	0.6
1139.6	0.4
1140.2	0.4
1140.7	0.6
1141.2	0.6
1141.7	0.4
1142.3	0.4
1142.8	0.5
1143.3	0.5
1143.9	0.5
1144.4	0.6
1144.9	0.7
1145.5	0.6
1146.0	0.4
1146.5	0.3
1147.1	0.4
1147.6	0.5
1148.1	0.4
1148.7	0.4
1149.2	0.5
1149.7	0.4
1150.3	0.3
1150.8	0.3
1151.3	0.5
1151.9	0.6
1152.4	0.5
1152.9	0.3
1153.5	0.5
1154.0	0.5
1154.5	0.3
1155.0	0.3
1155.6	0.5
1156.1	0.5
1156.6	0.4
1157.2	0.3
1157.7	0.4
1158.2	0.5
1158.8	0.3
1159.3	0.2
1159.8	0.3
1160.4	0.4
1160.9	0.3
1161.4	0.2
1162.0	0.3
1162.5	0.3
1163.0	0.2
1163.6	0.2
1164.1	0.4
1164.6	0.3
1165.2	0.2
1165.7	0.2
1166.2	0.4
1166.8	0.4
1167.3	0.3
1167.8	0.3
1168.3	0.5
1168.9	0.5
1169.4	0.3
1169.9	0.3
1170.5	0.4
1171.0	0.5
1171.5	0.3
1172.1	0.2
1172.6	0.3
1173.1	0.3
1173.7	0.2
1174.2	0.2
1174.7	0.3
1175.3	0.2
1175.8	0.2
1176.3	0.2
1176.9	0.3
1177.4	0.3
1177.9	0.2
1178.5	0.2
1179.0	0.2
1179.5	0.2
1180.1	0.2
1180.6	0.2
1181.1	0.3
1181.6	0.3
1182.2	0.2
1182.7	0.2
1183.2	0.4
1183.8	0.3
1184.3	0.2
1184.8	0.2
1185.4	0.3
1185.9	0.3
1186.4	0.3
1187.0	0.3
1187.5	0.4
1188.0	0.4
1188.6	0.3
1189.1	0.3
1189.6	0.4
1190.2	0.4
1190.7	0.3
1191.2	0.3
1191.8	0.4
1192.3	0.4
1192.8	0.3
1193.4	0.2
1193.9	0.4
1194.4	0.4
1194.9	0.2
1195.5	0.2
1196.0	0.3
1196.5	0.3
1197.1	0.2
1197.6	0.2
1198.1	0.3
1198.7	0.3
1199.2	0.2
1199.7	0.2
1200.3	0.3
1200.8	0.2
1201.3	0.1
1201.9	0.1
1202.4	0.2
1202.9	0.2
1203.5	0.1
1204.0	0.2
1204.5	0.2
1205.1	0.2
1205.6	0.1
1206.1	0.1
1206.7	0.2
1207.2	0.2
1207.7	0.2
1208.2	0.2
1208.8	0.2
1209.3	0.2
1209.8	0.2
1210.4	0.2
1210.9	0.2
1211.4	0.2
1212.0	0.1
1212.5	0.1
1213.0	0.2
1213.6	0.2
1214.1	0.2
1214.6	0.2
1215.2	0.3
1215.7	0.3
1216.2	0.2
1216.8	0.3
1217.3	0.4
1217.8	0.4
1218.4	0.4
1218.9	0.4
1219.4	0.6
1220.0	0.6
1220.5	0.4
1221.0	0.3
1221.5	0.3
1222.1	0.3
1222.6	0.2
1223.1	0.2
1223.7	0.3
1224.2	0.3
1224.7	0.3
1225.3	0.3
1225.8	0.5
1226.3	0.7
1226.9	0.6
1227.4	0.7
1227.9	0.9
1228.5	1.0
1229.0	1.0
1229.5	1.0
1230.1	0.9
1230.6	0.8
1231.1	0.6
1231.7	0.5
1232.2	0.5
1232.7	0.4
1233.3	0.3
1233.8	0.3
1234.3	0.3
1234.8	0.3
1235.4	0.2
1235.9	0.1
1236.4	0.2
1237.0	0.1
1237.5	0.1
1238.0	0.1
1238.6	0.1
1239.1	0.1
1239.6	0.1
1240.2	0.1
1240.7	0.1
1241.2	0.1
1241.8	0.1
1242.3	0.1
1242.8	0.1
1243.4	0.1
1243.9	0.1
1244.4	0.1
1245.0	0.1
1245.5	0.1
1246.0	0.1
1246.6	0.1
1247.1	0.1
1247.6	0.1
1248.1	0.0
1248.7	0.0
1249.2	0.1
1249.7	0.1
1250.3	0.1
1250.8	0.1
1251.3	0.1
1251.9	0.1
1252.4	0.1
1252.9	0.1
1253.5	0.1
1254.0	0.1
1254.5	0.1
1255.1	0.1
1255.6	0.1
1256.1	0.1
1256.7	0.1
1257.2	0.1
1257.7	0.1
1258.3	0.1
1258.8	0.1
1259.3	0.1
1259.9	0.1
1260.4	0.1
1260.9	0.1
1261.4	0.1
1262.0	0.3
1262.5	0.3
