 nm      %
241.6	4.2
242.2	4.4
242.7	4.7
243.2	4.8
243.8	4.6
244.3	4.6
244.8	4.9
245.4	4.7
245.9	4.4
246.4	4.4
246.9	4.7
247.5	4.7
248.0	4.4
248.5	4.3
249.1	4.6
249.6	4.6
250.1	4.4
250.7	4.4
251.2	4.8
251.7	4.7
252.3	4.5
252.8	4.3
253.3	4.6
253.9	4.5
254.4	4.2
254.9	4.1
255.5	4.5
256.0	4.6
256.5	4.3
257.1	4.2
257.6	4.5
258.1	4.3
258.7	4.1
259.2	4.2
259.7	4.4
260.2	4.2
260.8	3.8
261.3	3.9
261.8	4.3
262.4	4.3
262.9	4.0
263.4	3.9
264.0	4.2
264.5	4.3
265.0	4.0
265.6	3.9
266.1	4.2
266.6	4.2
267.2	3.9
267.7	3.8
268.2	4.1
268.8	4.1
269.3	3.7
269.8	3.7
270.4	4.0
270.9	4.0
271.4	3.7
272.0	3.7
272.5	4.1
273.0	4.1
273.5	3.7
274.1	3.7
274.6	4.0
275.1	4.0
275.7	3.6
276.2	3.6
276.7	4.0
277.3	4.0
277.8	3.7
278.3	3.5
278.9	3.9
279.4	4.0
279.9	3.7
280.5	3.6
281.0	4.0
281.5	3.9
282.1	3.5
282.6	3.5
283.1	3.9
283.7	3.9
284.2	3.4
284.7	3.3
285.3	3.7
285.8	3.9
286.3	3.5
286.8	3.2
287.4	3.5
287.9	3.7
288.4	3.4
289.0	3.5
289.5	3.9
290.0	4.0
290.6	3.6
291.1	3.4
291.6	3.8
292.2	3.8
292.7	3.4
293.2	3.3
293.8	3.6
294.3	3.4
294.8	3.0
295.4	3.1
295.9	3.6
296.4	3.7
297.0	3.3
297.5	3.3
298.0	3.7
298.6	3.8
299.1	3.5
299.6	3.6
300.1	3.9
300.7	3.8
301.2	3.4
301.7	3.5
302.3	3.7
302.8	3.6
303.3	3.2
303.9	3.2
304.4	3.6
304.9	3.5
305.5	3.1
306.0	3.0
306.5	3.5
307.1	3.6
307.6	3.2
308.1	3.2
308.7	3.5
309.2	3.6
309.7	3.2
310.3	3.2
310.8	3.6
311.3	3.6
311.8	3.2
312.4	3.1
312.9	3.6
313.4	3.8
314.0	3.4
314.5	3.1
315.0	3.6
315.6	3.7
316.1	3.4
316.6	3.2
317.2	3.6
317.7	3.6
318.2	3.3
318.8	3.3
319.3	3.7
319.8	3.7
320.4	3.3
320.9	3.2
321.4	3.6
322.0	3.5
322.5	3.3
323.0	3.5
323.6	3.9
324.1	3.8
324.6	3.4
325.1	3.1
325.7	3.4
326.2	3.4
326.7	3.1
327.3	3.2
327.8	3.5
328.3	3.5
328.9	3.1
329.4	3.0
329.9	3.5
330.5	3.6
331.0	3.2
331.5	3.0
332.1	3.4
332.6	3.5
333.1	3.1
333.7	3.1
334.2	3.4
334.7	3.4
335.3	3.1
335.8	3.2
336.3	3.4
336.9	3.3
337.4	2.9
337.9	3.0
338.4	3.4
339.0	3.7
339.5	3.3
340.0	3.1
340.6	3.4
341.1	3.4
341.6	3.0
342.2	3.0
342.7	3.3
343.2	3.4
343.8	3.0
344.3	3.0
344.8	3.2
345.4	3.2
345.9	2.9
346.4	2.9
347.0	3.3
347.5	3.4
348.0	3.1
348.6	3.0
349.1	3.3
349.6	3.3
350.2	2.9
350.7	3.0
351.2	3.3
351.7	3.3
352.3	2.9
352.8	2.8
353.3	3.1
353.9	3.3
354.4	2.9
354.9	2.8
355.5	3.2
356.0	3.4
356.5	3.0
357.1	3.0
357.6	3.3
358.1	3.2
358.7	2.9
359.2	2.9
359.7	3.2
360.3	3.2
360.8	2.8
361.3	2.8
361.9	3.1
362.4	3.2
362.9	2.9
363.5	2.8
364.0	3.1
364.5	3.1
365.0	2.8
365.6	3.0
366.1	3.2
366.6	3.2
367.2	2.9
367.7	3.0
368.2	3.3
368.8	3.4
369.3	3.1
369.8	3.1
370.4	3.4
370.9	3.3
371.4	3.0
372.0	2.8
372.5	3.1
373.0	3.2
373.6	2.8
374.1	2.8
374.6	3.1
375.2	3.2
375.7	2.8
376.2	2.7
376.8	3.0
377.3	3.2
377.8	2.9
378.3	2.9
378.9	3.2
379.4	3.2
379.9	2.9
380.5	2.9
381.0	3.2
381.5	3.2
382.1	2.9
382.6	3.1
383.1	3.5
383.7	3.5
384.2	3.1
384.7	3.1
385.3	3.3
385.8	3.4
386.3	3.0
386.9	3.0
387.4	3.3
387.9	3.3
388.5	2.9
389.0	2.9
389.5	3.3
390.1	3.2
390.6	2.8
391.1	2.9
391.6	3.3
392.2	3.4
392.7	2.9
393.2	2.7
393.8	2.9
394.3	3.0
394.8	2.7
395.4	2.7
395.9	2.9
396.4	2.9
397.0	2.5
397.5	2.5
398.0	2.9
398.6	3.0
399.1	2.6
399.6	2.5
400.2	2.8
400.7	2.9
401.2	2.5
401.8	2.5
402.3	2.9
402.8	3.1
403.4	2.8
403.9	2.7
404.4	3.0
404.9	2.9
405.5	2.6
406.0	2.5
406.5	2.7
407.1	2.7
407.6	2.4
408.1	2.6
408.7	2.9
409.2	2.8
409.7	2.4
410.3	2.7
410.8	3.1
411.3	3.2
411.9	2.8
412.4	2.7
412.9	3.0
413.5	3.2
414.0	2.9
414.5	2.8
415.1	3.1
415.6	3.2
416.1	2.9
416.7	3.0
417.2	3.3
417.7	3.3
418.2	3.0
418.8	2.9
419.3	3.2
419.8	3.3
420.4	3.0
420.9	3.1
421.4	3.5
422.0	3.7
422.5	3.3
423.0	3.0
423.6	3.3
424.1	3.6
424.6	3.3
425.2	3.4
425.7	3.8
426.2	3.8
426.8	3.6
427.3	3.7
427.8	4.1
428.4	4.2
428.9	3.9
429.4	4.0
430.0	4.4
430.5	4.5
431.0	4.3
431.5	4.4
432.1	4.9
432.6	5.1
433.1	5.0
433.7	5.4
434.2	6.3
434.7	6.9
435.3	7.1
435.8	7.4
436.3	8.4
436.9	9.1
437.4	9.3
437.9	10.0
438.5	11.2
439.0	12.2
439.5	12.7
440.1	13.5
440.6	15.1
441.1	16.5
441.7	17.3
442.2	18.6
442.7	21.0
443.3	23.1
443.8	24.5
444.3	26.5
444.8	29.1
445.4	31.1
445.9	32.6
446.4	34.9
447.0	37.4
447.5	39.1
448.0	40.2
448.6	41.4
449.1	42.5
449.6	43.2
450.2	43.3
450.7	43.7
451.2	44.0
451.8	43.6
452.3	42.6
452.8	41.8
453.4	41.0
453.9	39.6
454.4	37.7
455.0	36.0
455.5	34.7
456.0	33.2
456.6	31.1
457.1	29.3
457.6	28.2
458.1	26.8
458.7	25.1
459.2	23.8
459.7	23.2
460.3	22.4
460.8	21.1
461.3	20.0
461.9	19.6
462.4	19.0
462.9	18.1
463.5	17.6
464.0	17.5
464.5	16.9
465.1	16.0
465.6	15.3
466.1	15.1
466.7	14.7
467.2	14.0
467.7	13.6
468.3	13.6
468.8	13.4
469.3	12.6
469.8	12.0
470.4	12.0
470.9	11.6
471.4	11.0
472.0	10.7
472.5	10.8
473.0	10.5
473.6	9.8
474.1	9.5
474.6	9.7
475.2	9.7
475.7	9.2
476.2	9.1
476.8	9.3
477.3	9.3
477.8	8.9
478.4	8.8
478.9	9.1
479.4	9.1
480.0	8.7
480.5	8.6
481.0	8.9
481.6	9.2
482.1	8.8
482.6	8.5
483.1	8.8
483.7	8.9
484.2	8.6
484.7	8.3
485.3	8.6
485.8	8.5
486.3	8.0
486.9	7.8
487.4	8.1
487.9	8.2
488.5	7.8
489.0	7.7
489.5	7.9
490.1	8.0
490.6	7.7
491.1	7.8
491.7	8.2
492.2	8.6
492.7	8.4
493.3	8.6
493.8	9.2
494.3	9.3
494.9	9.0
495.4	9.1
495.9	9.7
496.4	10.0
497.0	9.8
497.5	10.1
498.0	10.9
498.6	11.4
499.1	11.3
499.6	11.3
500.2	12.1
500.7	12.9
501.2	13.1
501.8	13.6
502.3	14.4
502.8	15.1
503.4	15.3
503.9	15.8
504.4	16.8
505.0	17.4
505.5	17.6
506.0	18.2
506.6	19.4
507.1	20.1
507.6	20.5
508.2	21.6
508.7	23.2
509.2	24.3
509.7	25.1
510.3	26.4
510.8	28.2
511.3	29.7
511.9	30.7
512.4	31.8
512.9	33.1
513.5	33.8
514.0	34.0
514.5	34.5
515.1	35.3
515.6	35.8
516.1	36.1
516.7	36.7
517.2	37.5
517.7	37.9
518.3	38.1
518.8	38.6
519.3	39.6
519.9	40.4
520.4	40.6
520.9	41.3
521.5	42.3
522.0	43.2
522.5	43.6
523.0	44.3
523.6	45.2
524.1	45.8
524.6	45.9
525.2	46.2
525.7	46.9
526.2	47.4
526.8	47.5
527.3	47.7
527.8	48.0
528.4	48.0
528.9	47.6
529.4	47.4
530.0	47.5
530.5	47.1
531.0	46.5
531.6	46.2
532.1	46.3
532.6	46.1
533.2	45.4
533.7	45.1
534.2	45.2
534.8	45.1
535.3	44.4
535.8	44.1
536.3	44.1
536.9	43.8
537.4	43.0
537.9	42.4
538.5	42.2
539.0	41.9
539.5	41.2
540.1	40.5
540.6	40.0
541.1	39.3
541.7	38.3
542.2	37.7
542.7	37.2
543.3	36.4
543.8	35.2
544.3	34.3
544.9	33.8
545.4	33.1
545.9	32.0
546.5	31.3
547.0	30.9
547.5	30.3
548.1	29.2
548.6	28.4
549.1	27.9
549.6	27.0
550.2	25.8
550.7	24.8
551.2	24.4
551.8	23.7
552.3	22.6
552.8	21.8
553.4	21.4
553.9	20.7
554.4	19.6
555.0	18.9
555.5	18.7
556.0	18.2
556.6	17.3
557.1	16.8
557.6	16.5
558.2	15.8
558.7	14.8
559.2	14.4
559.8	14.4
560.3	14.0
560.8	13.2
561.4	12.5
561.9	12.5
562.4	12.2
562.9	11.4
563.5	10.9
564.0	10.9
564.5	10.7
565.1	10.1
565.6	9.7
566.1	9.7
566.7	9.5
567.2	8.8
567.7	8.4
568.3	8.5
568.8	8.3
569.3	7.7
569.9	7.5
570.4	7.6
570.9	7.4
571.5	6.8
572.0	6.7
572.5	6.9
573.1	6.8
573.6	6.4
574.1	6.3
574.7	6.5
575.2	6.5
575.7	6.2
576.2	6.5
576.8	6.9
577.3	6.9
577.8	6.7
578.4	6.9
578.9	7.4
579.4	7.8
580.0	7.8
580.5	8.1
581.0	8.7
581.6	9.0
582.1	9.0
582.6	9.4
583.2	10.1
583.7	10.4
584.2	10.3
584.8	10.4
585.3	10.8
585.8	11.2
586.4	11.0
586.9	11.2
587.4	11.5
588.0	11.4
588.5	11.1
589.0	11.1
589.5	11.5
590.1	11.6
590.6	11.2
591.1	11.1
591.7	11.2
592.2	11.2
592.7	10.8
593.3	10.8
593.8	11.2
594.3	11.3
594.9	11.0
595.4	11.1
595.9	11.7
596.5	11.8
597.0	11.7
597.5	11.8
598.1	11.8
598.6	11.6
599.1	11.0
599.7	10.8
600.2	11.0
600.7	11.0
601.3	10.7
601.8	10.8
602.3	11.3
602.8	11.4
603.4	11.3
603.9	11.6
604.4	12.1
605.0	12.1
605.5	12.1
606.0	13.3
606.6	19.1
607.1	28.2
607.6	32.2
608.2	32.4
608.7	30.0
609.2	25.0
609.8	21.3
610.3	20.4
610.8	28.1
611.4	44.6
611.9	57.3
612.4	59.9
613.0	58.3
613.5	51.0
614.0	39.3
614.6	29.8
615.1	24.5
615.6	20.3
616.1	18.2
616.7	17.8
617.2	18.1
617.7	18.0
618.3	17.5
618.8	17.1
619.3	17.0
619.9	16.8
620.4	16.3
620.9	16.2
621.5	16.7
622.0	17.1
622.5	17.2
623.1	17.8
623.6	18.6
624.1	19.1
624.7	19.4
625.2	20.2
625.7	21.2
626.3	22.2
626.8	24.7
627.3	29.7
627.8	43.3
628.4	66.1
628.9	88.0
629.4	100.0
630.0	96.8
630.5	86.6
631.0	73.1
631.6	54.9
632.1	47.8
632.6	56.9
633.2	71.3
633.7	79.2
634.2	76.2
634.8	66.3
635.3	49.2
635.8	33.5
636.4	23.6
636.9	16.7
637.4	12.1
638.0	9.3
638.5	8.6
639.0	8.0
639.6	7.2
640.1	6.5
640.6	6.8
641.1	7.0
641.7	6.8
642.2	6.8
642.7	7.4
643.3	7.6
643.8	7.8
644.3	9.9
644.9	17.1
645.4	25.1
645.9	27.6
646.5	27.7
647.0	25.2
647.5	19.3
648.1	13.3
648.6	10.1
649.1	9.1
649.7	8.5
650.2	7.7
650.7	7.4
651.3	7.2
651.8	6.7
652.3	5.9
652.9	5.4
653.4	5.4
653.9	5.1
654.4	4.6
655.0	4.5
655.5	4.6
656.0	4.4
656.6	3.8
657.1	3.6
657.6	3.7
658.2	3.8
658.7	3.4
659.2	3.3
659.8	3.5
660.3	3.4
660.8	3.0
661.4	3.0
661.9	3.2
662.4	3.2
663.0	2.9
663.5	2.9
664.0	3.2
664.6	3.3
665.1	3.1
665.6	3.1
666.2	3.4
666.7	3.5
667.2	3.3
667.7	3.4
668.3	3.6
668.8	3.5
669.3	3.1
669.9	3.1
670.4	3.3
670.9	3.4
671.5	3.0
672.0	3.0
672.5	3.1
673.1	3.2
673.6	2.8
674.1	2.9
674.7	3.1
675.2	3.2
675.7	2.8
676.3	2.8
676.8	3.1
677.3	3.2
677.9	2.8
678.4	2.7
678.9	2.9
679.5	3.0
680.0	2.8
680.5	2.9
681.0	3.2
681.6	3.1
682.1	2.8
682.6	2.9
683.2	3.1
683.7	3.1
684.2	2.7
684.8	2.8
685.3	3.1
685.8	3.1
686.4	2.7
686.9	2.8
687.4	2.9
688.0	2.8
688.5	2.4
689.0	2.5
689.6	2.8
690.1	2.9
690.6	2.5
691.2	2.4
691.7	2.7
692.2	2.8
692.8	2.5
693.3	2.4
693.8	2.7
694.3	2.8
694.9	2.4
695.4	2.4
695.9	2.6
696.5	2.7
697.0	2.4
697.5	2.5
698.1	2.7
698.6	2.8
699.1	2.4
699.7	2.2
700.2	2.4
700.7	2.5
701.3	2.2
701.8	2.2
702.3	2.4
702.9	2.4
703.4	2.1
703.9	2.3
704.5	2.5
705.0	2.6
705.5	2.2
706.1	2.2
706.6	2.5
707.1	2.6
707.6	2.2
708.2	2.2
708.7	2.4
709.2	2.5
709.8	2.1
710.3	2.0
710.8	2.3
711.4	2.4
711.9	2.0
712.4	1.9
713.0	2.1
713.5	2.1
714.0	1.9
714.6	2.1
715.1	2.3
715.6	2.2
716.2	1.8
716.7	2.0
717.2	2.2
717.8	2.3
718.3	1.9
718.8	1.9
719.4	2.1
719.9	2.2
720.4	1.8
720.9	1.8
721.5	2.0
722.0	1.9
722.5	1.6
723.1	1.8
723.6	2.1
724.1	2.2
724.7	1.8
725.2	1.8
725.7	2.0
726.3	2.1
726.8	1.7
727.3	1.9
727.9	2.1
728.4	2.1
728.9	1.6
729.5	1.6
730.0	1.9
730.5	2.1
731.1	1.6
731.6	1.5
732.1	1.8
732.7	1.9
733.2	1.5
733.7	1.5
734.2	1.7
734.8	1.9
735.3	1.5
735.8	1.5
736.4	1.7
736.9	1.8
737.4	1.4
738.0	1.4
738.5	1.8
739.0	2.0
739.6	1.7
740.1	1.7
740.6	1.9
741.2	1.9
741.7	1.6
742.2	1.7
742.8	2.0
743.3	2.1
743.8	1.7
744.4	1.7
744.9	1.9
745.4	2.0
746.0	1.6
746.5	1.6
747.0	1.7
747.5	1.7
748.1	1.4
748.6	1.6
749.1	1.8
749.7	1.9
750.2	1.5
750.7	1.4
751.3	1.6
751.8	1.8
752.3	1.4
752.9	1.5
753.4	1.7
753.9	1.8
754.5	1.5
755.0	1.4
755.5	1.7
756.1	1.9
756.6	1.6
757.1	1.6
757.7	1.9
758.2	2.0
758.7	1.6
759.3	1.6
759.8	1.8
760.3	1.8
760.8	1.5
761.4	1.7
761.9	1.9
762.4	2.0
763.0	1.6
763.5	1.6
764.0	1.8
764.6	1.9
765.1	1.5
765.6	1.5
766.2	1.9
766.7	2.1
767.2	1.8
767.8	1.7
768.3	1.9
768.8	2.0
769.4	1.6
769.9	1.4
770.4	1.6
771.0	1.7
771.5	1.3
772.0	1.4
772.6	1.8
773.1	2.0
773.6	1.6
774.1	1.6
774.7	1.8
775.2	1.9
775.7	1.4
776.3	1.4
776.8	1.6
777.3	1.9
777.9	1.6
778.4	1.5
778.9	1.7
779.5	1.9
780.0	1.6
780.5	1.7
781.1	1.9
781.6	2.0
782.1	1.6
782.7	1.6
783.2	1.9
783.7	2.0
784.3	1.6
784.8	1.7
785.3	1.9
785.8	1.9
786.4	1.5
786.9	1.5
787.4	1.7
788.0	1.8
788.5	1.4
789.0	1.4
789.6	1.6
790.1	1.5
790.6	1.3
791.2	1.4
791.7	1.6
792.2	1.6
792.8	1.3
793.3	1.4
793.8	1.6
794.4	1.8
794.9	1.5
795.4	1.5
796.0	1.8
796.5	1.7
797.0	1.4
797.6	1.5
798.1	1.8
798.6	1.9
799.1	1.6
799.7	1.6
800.2	1.8
800.7	1.9
801.3	1.5
801.8	1.5
802.3	1.7
802.9	1.7
803.4	1.3
803.9	1.4
804.5	1.7
805.0	1.8
805.5	1.5
806.1	1.3
806.6	1.6
807.1	1.9
807.7	1.6
808.2	1.5
808.7	1.7
809.3	1.8
809.8	1.4
810.3	1.4
810.9	1.6
811.4	1.8
811.9	1.4
812.4	1.6
813.0	1.8
813.5	2.0
814.0	1.6
814.6	1.4
815.1	1.7
815.6	1.8
816.2	1.4
816.7	1.5
817.2	1.7
817.8	2.0
818.3	1.5
818.8	1.2
819.4	1.4
819.9	1.7
820.4	1.4
821.0	1.3
821.5	1.6
822.0	1.7
822.6	1.4
823.1	1.4
823.6	1.6
824.2	1.7
824.7	1.4
825.2	1.4
825.7	1.7
826.3	1.8
826.8	1.4
827.3	1.4
827.9	1.6
828.4	1.5
828.9	1.2
829.5	1.2
830.0	1.4
830.5	1.5
831.1	1.2
831.6	1.4
832.1	1.5
832.7	1.5
833.2	1.2
833.7	1.3
834.3	1.5
834.8	1.6
835.3	1.3
835.9	1.4
836.4	1.6
836.9	1.7
837.5	1.3
838.0	1.4
838.5	1.7
839.0	1.8
839.6	1.3
840.1	1.2
840.6	1.3
841.2	1.4
841.7	1.1
842.2	1.0
842.8	1.4
843.3	1.7
843.8	1.3
844.4	1.1
844.9	1.4
845.4	1.7
846.0	1.4
846.5	1.3
847.0	1.5
847.6	1.6
848.1	1.2
848.6	1.2
849.2	1.5
849.7	1.7
850.2	1.4
850.8	1.3
851.3	1.5
851.8	1.6
852.3	1.2
852.9	1.4
853.4	1.6
853.9	1.6
854.5	1.3
855.0	1.4
855.5	1.6
856.1	1.6
856.6	1.3
857.1	1.4
857.7	1.6
858.2	1.7
858.7	1.3
859.3	1.4
859.8	1.5
860.3	1.5
860.9	1.1
861.4	1.1
861.9	1.4
862.5	1.5
863.0	1.2
863.5	1.1
864.1	1.4
864.6	1.6
865.1	1.3
865.6	1.2
866.2	1.5
866.7	1.8
867.2	1.5
867.8	1.6
868.3	1.7
868.8	1.8
869.4	1.5
869.9	1.5
870.4	1.8
871.0	1.9
871.5	1.7
872.0	1.6
872.6	1.9
873.1	2.1
873.6	1.7
874.2	1.8
874.7	2.1
875.2	2.1
875.8	1.8
876.3	1.8
876.8	2.1
877.4	2.2
877.9	1.9
878.4	2.0
878.9	2.2
879.5	2.2
880.0	1.9
880.5	1.8
881.1	2.0
881.6	2.2
882.1	1.9
882.7	1.8
883.2	2.1
883.7	2.2
884.3	2.0
884.8	2.0
885.3	2.3
885.9	2.4
886.4	2.1
886.9	2.1
887.5	2.4
888.0	2.5
888.5	2.2
889.1	2.2
889.6	2.4
890.1	2.5
890.7	2.2
891.2	2.2
891.7	2.5
892.2	2.7
892.8	2.4
893.3	2.3
893.8	2.6
894.4	2.7
894.9	2.5
895.4	2.5
896.0	2.7
896.5	2.7
897.0	2.3
897.6	2.3
898.1	2.6
898.6	2.7
899.2	2.4
899.7	2.4
900.2	2.7
900.8	2.8
901.3	2.5
901.8	2.3
902.4	2.5
902.9	2.6
903.4	2.3
904.0	2.2
904.5	2.4
905.0	2.3
905.5	2.0
906.1	2.0
906.6	2.3
907.1	2.2
907.7	2.0
908.2	1.9
908.7	2.2
909.3	2.2
909.8	1.9
910.3	2.0
910.9	2.3
911.4	2.3
911.9	1.9
912.5	1.7
913.0	2.0
913.5	2.0
914.1	1.8
914.6	1.9
915.1	2.1
915.7	2.1
916.2	1.8
916.7	1.7
917.3	2.0
917.8	2.1
918.3	1.7
918.8	1.7
919.4	1.9
919.9	1.9
920.4	1.5
921.0	1.5
921.5	1.8
922.0	2.0
922.6	1.6
923.1	1.5
923.6	1.7
924.2	1.7
924.7	1.4
925.2	1.5
925.8	1.8
926.3	1.9
926.8	1.5
927.4	1.4
927.9	1.6
928.4	1.7
929.0	1.3
929.5	1.3
930.0	1.5
930.6	1.7
931.1	1.4
931.6	1.4
932.1	1.6
932.7	1.6
933.2	1.3
933.7	1.2
934.3	1.4
934.8	1.6
935.3	1.3
935.9	1.2
936.4	1.4
936.9	1.4
937.5	1.1
938.0	1.1
938.5	1.4
939.1	1.5
939.6	1.2
940.1	1.3
940.7	1.5
941.2	1.6
941.7	1.2
942.3	1.0
942.8	1.3
943.3	1.4
943.8	1.1
944.4	1.1
944.9	1.4
945.4	1.6
946.0	1.2
946.5	1.0
947.0	1.2
947.6	1.4
948.1	1.1
948.6	1.1
949.2	1.4
949.7	1.3
950.2	1.0
950.8	1.0
951.3	1.2
951.8	1.3
952.4	1.0
952.9	1.0
953.4	1.3
954.0	1.4
954.5	1.1
955.0	1.1
955.6	1.2
956.1	1.3
956.6	1.0
957.1	1.1
957.7	1.4
958.2	1.5
958.7	1.1
959.3	1.1
959.8	1.3
960.3	1.4
960.9	1.1
961.4	1.1
961.9	1.2
962.5	1.3
963.0	1.0
963.5	0.9
964.1	1.1
964.6	1.1
965.1	0.8
965.7	0.8
966.2	1.2
966.7	1.4
967.3	1.1
967.8	0.8
968.3	1.0
968.9	1.1
969.4	0.8
969.9	0.9
970.4	1.2
971.0	1.3
971.5	0.9
972.0	0.8
972.6	1.1
973.1	1.2
973.6	1.0
974.2	1.1
974.7	1.3
975.2	1.2
975.8	0.9
976.3	0.8
976.8	1.0
977.4	1.0
977.9	0.8
978.4	0.8
979.0	1.1
979.5	1.2
980.0	1.0
980.6	0.9
981.1	1.2
981.6	1.3
982.2	1.0
982.7	1.0
983.2	1.1
983.7	1.2
984.3	0.9
984.8	1.0
985.3	1.2
985.9	1.2
986.4	0.9
986.9	0.8
987.5	1.1
988.0	1.2
988.5	0.9
989.1	0.8
989.6	1.0
990.1	1.1
990.7	0.9
991.2	0.9
991.7	1.1
992.3	1.1
992.8	0.8
993.3	0.9
993.9	1.2
994.4	1.4
994.9	1.1
995.5	1.1
996.0	1.4
996.5	1.4
997.0	1.1
997.6	1.0
998.1	1.3
998.6	1.4
999.2	1.1
999.7	1.0
1000.2	1.3
1000.8	1.5
1001.3	1.2
1001.8	1.1
1002.4	1.3
1002.9	1.5
1003.4	1.3
1004.0	1.3
1004.5	1.5
1005.0	1.4
1005.6	1.1
1006.1	1.0
1006.6	1.2
1007.2	1.4
1007.7	1.2
1008.2	1.2
1008.8	1.4
1009.3	1.4
1009.8	1.1
1010.3	1.0
1010.9	1.2
1011.4	1.4
1011.9	1.2
1012.5	1.2
1013.0	1.5
1013.5	1.5
1014.1	1.3
1014.6	1.2
1015.1	1.5
1015.7	1.5
1016.2	1.2
1016.7	1.2
1017.3	1.5
1017.8	1.6
1018.3	1.4
1018.9	1.4
1019.4	1.7
1019.9	1.7
1020.5	1.4
1021.0	1.5
1021.5	1.8
1022.1	1.9
1022.6	1.7
1023.1	1.7
1023.6	1.9
1024.2	1.9
1024.7	1.6
1025.2	1.6
1025.8	1.9
1026.3	2.0
1026.8	1.7
1027.4	1.7
1027.9	1.9
1028.4	2.0
1029.0	1.7
1029.5	1.7
1030.0	1.9
1030.6	1.9
1031.1	1.6
1031.6	1.6
1032.2	1.9
1032.7	2.0
1033.2	1.8
1033.8	1.7
1034.3	1.9
1034.8	1.8
1035.4	1.6
1035.9	1.6
1036.4	1.8
1036.9	1.9
1037.5	1.7
1038.0	1.6
1038.5	1.8
1039.1	1.8
1039.6	1.6
1040.1	1.5
1040.7	1.7
1041.2	1.8
1041.7	1.7
1042.3	1.7
1042.8	1.9
1043.3	2.0
1043.9	1.8
1044.4	1.7
1044.9	1.9
1045.5	2.0
1046.0	1.8
1046.5	1.8
1047.1	2.0
1047.6	2.1
1048.1	1.8
1048.7	1.8
1049.2	2.0
1049.7	2.0
1050.2	1.8
1050.8	1.9
1051.3	2.1
1051.8	2.0
1052.4	1.8
1052.9	1.8
1053.4	2.0
1054.0	2.1
1054.5	1.8
1055.0	1.8
1055.6	2.0
1056.1	2.1
1056.6	1.9
1057.2	1.8
1057.7	2.1
1058.2	2.2
1058.8	2.0
1059.3	2.0
1059.8	2.2
1060.4	2.4
1060.9	2.1
1061.4	1.8
1062.0	2.0
1062.5	2.1
1063.0	1.8
1063.5	1.7
1064.1	2.0
1064.6	2.2
1065.1	1.9
1065.7	1.8
1066.2	2.0
1066.7	1.9
1067.3	1.6
1067.8	1.6
1068.3	1.9
1068.9	1.9
1069.4	1.7
1069.9	1.7
1070.5	1.9
1071.0	1.9
1071.5	1.7
1072.1	1.6
1072.6	1.8
1073.1	1.8
1073.7	1.6
1074.2	1.6
1074.7	1.9
1075.3	2.0
1075.8	1.7
1076.3	1.6
1076.8	1.9
1077.4	1.9
1077.9	1.6
1078.4	1.4
1079.0	1.6
1079.5	1.7
1080.0	1.5
1080.6	1.4
1081.1	1.5
1081.6	1.5
1082.2	1.3
1082.7	1.1
1083.2	1.4
1083.8	1.5
1084.3	1.3
1084.8	1.3
1085.4	1.5
1085.9	1.5
1086.4	1.2
1087.0	1.1
1087.5	1.4
1088.0	1.4
1088.6	1.2
1089.1	1.2
1089.6	1.3
1090.1	1.3
1090.7	1.0
1091.2	1.0
1091.7	1.2
1092.3	1.1
1092.8	0.8
1093.3	0.8
1093.9	1.0
1094.4	1.0
1094.9	0.8
1095.5	0.9
1096.0	1.2
1096.5	1.2
1097.1	0.9
1097.6	0.9
1098.1	1.1
1098.7	1.2
1099.2	1.0
1099.7	1.0
1100.3	1.2
1100.8	1.2
1101.3	1.0
1101.9	1.0
1102.4	1.3
1102.9	1.4
1103.4	1.0
1104.0	0.9
1104.5	1.0
1105.0	1.1
1105.6	0.9
1106.1	1.0
1106.6	1.2
1107.2	1.2
1107.7	0.8
1108.2	0.7
1108.8	0.9
1109.3	1.0
1109.8	0.8
1110.4	0.8
1110.9	1.1
1111.4	1.1
1112.0	0.8
1112.5	0.7
1113.0	0.9
1113.6	1.0
1114.1	0.8
1114.6	0.8
1115.2	1.0
1115.7	1.0
1116.2	0.7
1116.7	0.6
1117.3	0.8
1117.8	1.0
1118.3	0.8
1118.9	0.7
1119.4	0.9
1119.9	0.8
1120.5	0.6
1121.0	0.5
1121.5	0.7
1122.1	0.8
1122.6	0.6
1123.1	0.5
1123.7	0.7
1124.2	0.7
1124.7	0.5
1125.3	0.5
1125.8	0.7
1126.3	0.7
1126.9	0.5
1127.4	0.4
1127.9	0.6
1128.4	0.6
1129.0	0.4
1129.5	0.4
1130.0	0.6
1130.6	0.6
1131.1	0.5
1131.6	0.4
1132.2	0.6
1132.7	0.7
1133.2	0.5
1133.8	0.5
1134.3	0.7
1134.8	0.7
1135.4	0.6
1135.9	0.5
1136.4	0.7
1137.0	0.7
1137.5	0.5
1138.0	0.5
1138.6	0.6
1139.1	0.6
1139.6	0.4
1140.2	0.4
1140.7	0.6
1141.2	0.6
1141.7	0.4
1142.3	0.4
1142.8	0.5
1143.3	0.5
1143.9	0.4
1144.4	0.5
1144.9	0.8
1145.5	0.6
1146.0	0.4
1146.5	0.3
1147.1	0.5
1147.6	0.5
1148.1	0.4
1148.7	0.5
1149.2	0.6
1149.7	0.5
1150.3	0.4
1150.8	0.4
1151.3	0.6
1151.9	0.7
1152.4	0.5
1152.9	0.4
1153.5	0.5
1154.0	0.4
1154.5	0.3
1155.0	0.3
1155.6	0.5
1156.1	0.5
1156.6	0.3
1157.2	0.3
1157.7	0.4
1158.2	0.4
1158.8	0.3
1159.3	0.2
1159.8	0.3
1160.4	0.3
1160.9	0.2
1161.4	0.2
1162.0	0.3
1162.5	0.3
1163.0	0.2
1163.6	0.2
1164.1	0.4
1164.6	0.3
1165.2	0.2
1165.7	0.3
1166.2	0.4
1166.8	0.4
1167.3	0.4
1167.8	0.3
1168.3	0.5
1168.9	0.5
1169.4	0.4
1169.9	0.3
1170.5	0.4
1171.0	0.4
1171.5	0.3
1172.1	0.2
1172.6	0.3
1173.1	0.3
1173.7	0.2
1174.2	0.2
1174.7	0.3
1175.3	0.3
1175.8	0.2
1176.3	0.2
1176.9	0.3
1177.4	0.3
1177.9	0.2
1178.5	0.2
1179.0	0.3
1179.5	0.3
1180.1	0.2
1180.6	0.2
1181.1	0.3
1181.6	0.3
1182.2	0.3
1182.7	0.3
1183.2	0.4
1183.8	0.4
1184.3	0.2
1184.8	0.2
1185.4	0.3
1185.9	0.3
1186.4	0.3
1187.0	0.3
1187.5	0.5
1188.0	0.4
1188.6	0.3
1189.1	0.3
1189.6	0.5
1190.2	0.5
1190.7	0.3
1191.2	0.3
1191.8	0.4
1192.3	0.4
1192.8	0.3
1193.4	0.3
1193.9	0.4
1194.4	0.4
1194.9	0.3
1195.5	0.2
1196.0	0.3
1196.5	0.3
1197.1	0.2
1197.6	0.2
1198.1	0.3
1198.7	0.3
1199.2	0.3
1199.7	0.3
1200.3	0.4
1200.8	0.3
1201.3	0.2
1201.9	0.2
1202.4	0.2
1202.9	0.2
1203.5	0.1
1204.0	0.1
1204.5	0.2
1205.1	0.2
1205.6	0.1
1206.1	0.1
1206.7	0.2
1207.2	0.2
1207.7	0.2
1208.2	0.2
1208.8	0.2
1209.3	0.2
1209.8	0.1
1210.4	0.2
1210.9	0.3
1211.4	0.2
1212.0	0.1
1212.5	0.1
1213.0	0.2
1213.6	0.2
1214.1	0.2
1214.6	0.2
1215.2	0.3
1215.7	0.3
1216.2	0.2
1216.8	0.3
1217.3	0.4
1217.8	0.4
1218.4	0.3
1218.9	0.4
1219.4	0.5
1220.0	0.5
1220.5	0.4
1221.0	0.3
1221.5	0.3
1222.1	0.3
1222.6	0.2
1223.1	0.2
1223.7	0.3
1224.2	0.3
1224.7	0.3
1225.3	0.3
1225.8	0.5
1226.3	0.6
1226.9	0.6
1227.4	0.7
1227.9	0.9
1228.5	1.0
1229.0	0.9
1229.5	0.9
1230.1	0.9
1230.6	0.8
1231.1	0.6
1231.7	0.5
1232.2	0.5
1232.7	0.4
1233.3	0.3
1233.8	0.3
1234.3	0.3
1234.8	0.3
1235.4	0.2
1235.9	0.2
1236.4	0.2
1237.0	0.2
1237.5	0.1
1238.0	0.1
1238.6	0.1
1239.1	0.2
1239.6	0.1
1240.2	0.1
1240.7	0.2
1241.2	0.1
1241.8	0.1
1242.3	0.1
1242.8	0.1
1243.4	0.1
1243.9	0.1
1244.4	0.1
1245.0	0.1
1245.5	0.1
1246.0	0.0
1246.6	0.1
1247.1	0.1
1247.6	0.1
1248.1	0.0
1248.7	0.0
1249.2	0.1
1249.7	0.1
1250.3	0.0
1250.8	0.0
1251.3	0.1
1251.9	0.1
1252.4	0.0
1252.9	0.1
1253.5	0.1
1254.0	0.1
1254.5	0.1
1255.1	0.1
1255.6	0.1
1256.1	0.1
1256.7	0.1
1257.2	0.1
1257.7	0.1
1258.3	0.1
1258.8	0.1
1259.3	0.1
1259.9	0.2
1260.4	0.1
1260.9	0.1
1261.4	0.2
1262.0	0.3
1262.5	0.4
