 nm      %
------------
270.0	7.5
270.5	7.5
271.0	7.0
271.5	7.0
271.9	7.2
272.4	7.2
272.9	7.0
273.4	7.0
273.9	6.9
274.4	6.6
274.8	6.7
275.3	6.8
275.8	7.0
276.3	6.9
276.8	6.7
277.3	6.9
277.7	7.1
278.2	7.1
278.7	7.3
279.2	7.4
279.7	7.1
280.2	6.7
280.6	6.3
281.1	6.4
281.6	6.5
282.1	6.5
282.6	6.7
283.1	6.9
283.6	7.0
284.0	7.1
284.5	7.1
285.0	7.3
285.5	7.3
286.0	7.0
286.5	6.8
286.9	6.5
287.4	6.1
287.9	6.1
288.4	6.2
288.9	6.7
289.4	6.6
289.8	6.3
290.3	6.2
290.8	6.3
291.3	6.4
291.8	6.5
292.3	6.5
292.8	6.8
293.2	6.8
293.7	6.5
294.2	6.3
294.7	6.2
295.2	6.0
295.7	6.0
296.1	5.9
296.6	6.3
297.1	6.4
297.6	6.2
298.1	6.1
298.6	5.9
299.0	5.8
299.5	5.8
300.0	5.9
300.5	6.3
301.0	6.5
301.5	6.3
301.9	6.4
302.4	6.4
302.9	6.0
303.4	5.8
303.9	5.8
304.4	6.4
304.9	6.7
305.3	6.3
305.8	6.2
306.3	6.1
306.8	6.1
307.3	6.2
307.8	6.2
308.2	6.4
308.7	6.5
309.2	6.2
309.7	6.3
310.2	6.4
310.7	6.1
311.1	5.7
311.6	5.3
312.1	5.4
312.6	5.6
313.1	5.7
313.6	6.2
314.0	6.3
314.5	6.2
315.0	5.9
315.5	5.6
316.0	5.8
316.5	5.7
317.0	5.2
317.4	4.7
317.9	4.5
318.4	4.4
318.9	4.7
319.4	5.1
319.9	5.6
320.3	5.5
320.8	5.2
321.3	5.4
321.8	5.6
322.3	6.2
322.8	6.5
323.2	6.5
323.7	6.5
324.2	6.4
324.7	6.0
325.2	5.8
325.7	5.5
326.2	5.3
326.6	5.1
327.1	5.0
327.6	5.2
328.1	5.2
328.6	4.9
329.1	5.0
329.5	5.2
330.0	5.4
330.5	5.5
331.0	5.6
331.5	5.9
332.0	5.7
332.4	5.5
332.9	5.6
333.4	5.5
333.9	5.4
334.4	5.4
334.9	5.6
335.3	6.1
335.8	6.0
336.3	5.5
336.8	5.5
337.3	5.6
337.8	5.8
338.3	5.8
338.7	5.9
339.2	6.2
339.7	6.6
340.2	6.4
340.7	6.2
341.2	6.0
341.6	5.7
342.1	5.6
342.6	5.7
343.1	6.2
343.6	6.5
344.1	6.6
344.5	6.9
345.0	6.6
345.5	5.9
346.0	5.2
346.5	5.0
347.0	5.4
347.4	6.0
347.9	5.8
348.4	5.6
348.9	5.4
349.4	5.2
349.9	5.1
350.4	5.2
350.8	5.7
351.3	5.6
351.8	5.2
352.3	5.2
352.8	5.1
353.3	5.1
353.7	5.0
354.2	5.1
354.7	5.4
355.2	5.7
355.7	5.4
356.2	5.0
356.6	4.8
357.1	4.6
357.6	5.0
358.1	5.5
358.6	6.1
359.1	6.2
359.5	5.6
360.0	5.1
360.5	4.9
361.0	5.0
361.5	5.3
362.0	5.6
362.5	6.0
362.9	5.9
363.4	5.3
363.9	5.0
364.4	4.9
364.9	4.9
365.4	5.0
365.8	5.3
366.3	5.8
366.8	5.7
367.3	5.3
367.8	5.1
368.3	5.1
368.7	5.4
369.2	5.5
369.7	5.8
370.2	6.2
370.7	5.9
371.2	5.5
371.7	5.4
372.1	5.5
372.6	5.5
373.1	5.5
373.6	5.6
374.1	6.0
374.6	6.1
375.0	5.6
375.5	5.3
376.0	5.2
376.5	5.3
377.0	5.6
377.5	5.8
377.9	6.1
378.4	5.9
378.9	5.5
379.4	5.4
379.9	5.4
380.4	5.4
380.8	5.4
381.3	5.5
381.8	5.9
382.3	6.0
382.8	5.7
383.3	5.7
383.8	5.5
384.2	5.5
384.7	5.6
385.2	5.8
385.7	6.1
386.2	6.4
386.7	6.3
387.1	6.3
387.6	6.1
388.1	5.6
388.6	5.2
389.1	5.1
389.6	5.5
390.0	5.6
390.5	5.5
391.0	5.5
391.5	5.4
392.0	5.2
392.5	4.9
392.9	5.2
393.4	5.8
393.9	6.1
394.4	5.8
394.9	5.6
395.4	5.5
395.9	5.4
396.3	5.4
396.8	5.3
397.3	5.6
397.8	6.1
398.3	6.2
398.8	6.4
399.2	6.3
399.7	6.1
400.2	5.8
400.7	5.8
401.2	6.2
401.7	6.4
402.1	6.1
402.6	5.9
403.1	5.8
403.6	5.6
404.1	5.4
404.6	5.2
405.1	5.4
405.5	5.6
406.0	5.5
406.5	5.7
407.0	5.7
407.5	5.4
408.0	5.1
408.4	5.0
408.9	5.2
409.4	5.5
409.9	5.1
410.4	4.8
410.9	4.6
411.3	4.4
411.8	4.4
412.3	4.5
412.8	4.9
413.3	4.8
413.8	4.4
414.2	4.2
414.7	4.1
415.2	4.2
415.7	4.4
416.2	4.9
416.7	5.3
417.2	5.7
417.6	5.3
418.1	5.1
418.6	4.9
419.1	4.6
419.6	4.4
420.1	4.1
420.5	4.3
421.0	4.9
421.5	4.7
422.0	4.7
422.5	4.5
423.0	4.5
423.4	4.8
423.9	5.4
424.4	6.1
424.9	6.1
425.4	5.7
425.9	5.4
426.3	5.6
426.8	5.7
427.3	5.7
427.8	5.5
428.3	5.6
428.8	5.8
429.3	6.0
429.7	6.3
430.2	6.2
430.7	5.9
431.2	5.6
431.7	5.7
432.2	6.1
432.6	6.2
433.1	6.1
433.6	6.3
434.1	6.5
434.6	6.1
435.1	5.5
435.5	5.3
436.0	5.8
436.5	6.6
437.0	6.6
437.5	6.6
438.0	6.6
438.5	6.5
438.9	6.5
439.4	6.7
439.9	7.0
440.4	6.6
440.9	6.2
441.4	6.0
441.8	5.9
442.3	5.7
442.8	5.7
443.3	5.7
443.8	6.0
444.3	6.0
444.7	6.3
445.2	7.0
445.7	7.7
446.2	8.4
446.7	8.7
447.2	9.0
447.6	9.3
448.1	9.7
448.6	10.3
449.1	11.3
449.6	12.3
450.1	13.1
450.6	14.0
451.0	14.8
451.5	15.7
452.0	16.7
452.5	17.4
453.0	18.9
453.5	20.5
453.9	22.0
454.4	23.6
454.9	25.1
455.4	26.3
455.9	27.4
456.4	28.4
456.8	29.9
457.3	31.4
457.8	32.2
458.3	32.7
458.8	33.2
459.3	33.7
459.7	34.2
460.2	33.9
460.7	33.4
461.2	32.8
461.7	32.0
462.2	31.0
462.7	30.0
463.1	29.3
463.6	28.2
464.1	26.9
464.6	25.6
465.1	24.3
465.6	22.9
466.0	21.4
466.5	20.2
467.0	19.8
467.5	19.4
468.0	18.5
468.5	17.8
468.9	17.3
469.4	16.9
469.9	16.3
470.4	15.6
470.9	15.3
471.4	15.4
471.9	14.9
472.3	14.4
472.8	14.0
473.3	13.5
473.8	13.0
474.3	12.2
474.8	12.0
475.2	11.8
475.7	11.4
476.2	11.2
476.7	11.0
477.2	10.7
477.7	10.2
478.1	10.0
478.6	10.0
479.1	10.1
479.6	9.9
480.1	9.9
480.6	9.7
481.0	9.4
481.5	9.1
482.0	8.7
482.5	8.8
483.0	9.4
483.5	9.3
484.0	9.4
484.4	9.4
484.9	9.3
485.4	9.2
485.9	9.1
486.4	9.1
486.9	9.0
487.3	9.1
487.8	9.6
488.3	10.2
488.8	10.1
489.3	9.6
489.8	9.4
490.2	9.7
490.7	10.1
491.2	9.6
491.7	9.3
492.2	9.2
492.7	9.1
493.1	9.0
493.6	8.8
494.1	9.0
494.6	9.1
495.1	8.6
495.6	8.2
496.1	8.1
496.5	8.3
497.0	8.5
497.5	9.0
498.0	9.7
498.5	10.3
499.0	10.3
499.4	10.4
499.9	10.3
500.4	10.1
500.9	9.9
501.4	9.9
501.9	10.3
502.3	10.4
502.8	10.7
503.3	11.4
503.8	11.7
504.3	11.1
504.8	10.6
505.2	10.7
505.7	11.5
506.2	12.3
506.7	12.4
507.2	12.8
507.7	13.1
508.2	13.6
508.6	14.1
509.1	14.9
509.6	15.7
510.1	15.9
510.6	16.0
511.1	16.3
511.5	16.9
512.0	17.3
512.5	18.1
513.0	19.1
513.5	20.0
514.0	20.7
514.4	21.3
514.9	22.7
515.4	23.8
515.9	24.9
516.4	25.7
516.9	26.4
517.4	27.1
517.8	27.2
518.3	27.1
518.8	27.3
519.3	27.8
519.8	28.2
520.3	28.5
520.7	28.8
521.2	29.2
521.7	29.4
522.2	29.5
522.7	30.0
523.2	30.7
523.6	31.5
524.1	32.2
524.6	33.1
525.1	34.0
525.6	34.5
526.1	34.8
526.5	35.7
527.0	36.6
527.5	36.8
528.0	36.9
528.5	37.2
529.0	37.9
529.5	38.3
529.9	37.6
530.4	37.2
530.9	37.0
531.4	37.2
531.9	37.0
532.4	36.7
532.8	36.4
533.3	35.9
533.8	35.7
534.3	35.8
534.8	35.5
535.3	34.9
535.7	34.3
536.2	34.0
536.7	34.2
537.2	34.3
537.7	33.4
538.2	32.7
538.6	32.1
539.1	31.4
539.6	30.8
540.1	30.5
540.6	30.5
541.1	30.3
541.6	29.4
542.0	28.5
542.5	27.7
543.0	26.9
543.5	26.2
544.0	25.5
544.5	25.2
544.9	24.4
545.4	23.7
545.9	23.4
546.4	23.1
546.9	22.9
547.4	22.5
547.8	22.3
548.3	22.4
548.8	22.2
549.3	21.6
549.8	21.0
550.3	20.3
550.8	19.4
551.2	18.6
551.7	18.0
552.2	18.1
552.7	18.3
553.2	17.6
553.7	16.8
554.1	16.0
554.6	15.4
555.1	15.1
555.6	14.9
556.1	15.1
556.6	15.0
557.0	14.5
557.5	13.8
558.0	13.1
558.5	12.6
559.0	12.4
559.5	12.1
559.9	12.2
560.4	11.7
560.9	11.2
561.4	10.7
561.9	10.5
562.4	10.2
562.9	9.9
563.3	9.9
563.8	10.1
564.3	10.4
564.8	10.3
565.3	10.3
565.8	9.9
566.2	9.5
566.7	9.1
567.2	8.9
567.7	9.3
568.2	9.7
568.7	9.4
569.1	9.2
569.6	8.8
570.1	8.5
570.6	8.5
571.1	8.5
571.6	8.8
572.0	9.1
572.5	8.7
573.0	8.3
573.5	8.3
574.0	8.6
574.5	9.2
575.0	9.4
575.4	9.5
575.9	8.8
576.4	8.8
576.9	9.3
577.4	9.8
577.9	10.0
578.3	10.0
578.8	10.0
579.3	10.2
579.8	10.6
580.3	10.7
580.8	10.9
581.2	10.9
581.7	10.7
582.2	10.6
582.7	10.8
583.2	11.3
583.7	11.3
584.2	11.1
584.6	10.9
585.1	10.7
585.6	10.7
586.1	10.8
586.6	11.1
587.1	11.4
587.5	11.2
588.0	10.9
588.5	10.5
589.0	10.5
589.5	10.5
590.0	10.5
590.4	10.5
590.9	10.6
591.4	10.8
591.9	11.0
592.4	11.4
592.9	11.3
593.3	11.3
593.8	11.4
594.3	11.6
594.8	11.6
595.3	11.4
595.8	10.8
596.3	10.3
596.7	10.2
597.2	10.5
597.7	11.0
598.2	11.4
598.7	11.8
599.2	12.7
599.6	13.3
600.1	14.0
600.6	14.3
601.1	14.9
601.6	17.0
602.1	20.6
602.5	23.7
603.0	24.2
603.5	23.0
604.0	22.5
604.5	21.8
605.0	20.6
605.4	24.6
605.9	35.3
606.4	45.0
606.9	44.3
607.4	42.4
607.9	36.8
608.4	28.6
608.8	22.2
609.3	19.0
609.8	17.5
610.3	16.6
610.8	16.4
611.3	16.1
611.7	15.9
612.2	15.7
612.7	15.1
613.2	14.6
613.7	14.1
614.2	14.1
614.6	14.4
615.1	14.5
615.6	15.1
616.1	15.6
616.6	16.0
617.1	16.3
617.5	17.2
618.0	18.2
618.5	19.4
619.0	20.5
619.5	20.7
620.0	21.8
620.5	25.7
620.9	33.1
621.4	56.7
621.9	87.7
622.4	100.0
622.9	97.2
623.4	84.5
623.8	62.7
624.3	47.8
624.8	43.1
625.3	50.0
625.8	63.7
626.3	68.1
626.7	65.0
627.2	53.4
627.7	37.8
628.2	25.7
628.7	18.2
629.2	14.5
629.7	13.7
630.1	12.2
630.6	11.1
631.1	10.3
631.6	9.7
632.1	9.1
632.6	8.8
633.0	9.1
633.5	9.9
634.0	10.6
634.5	10.6
635.0	11.0
635.5	11.8
635.9	13.0
636.4	15.0
636.9	17.0
637.4	18.2
637.9	17.4
638.4	16.3
638.8	14.6
639.3	12.8
639.8	11.6
640.3	11.0
640.8	10.8
641.3	10.7
641.8	10.7
642.2	10.5
642.7	10.3
643.2	9.8
643.7	8.9
644.2	8.3
644.7	8.0
645.1	8.1
645.6	8.4
646.1	8.0
646.6	7.7
647.1	7.4
647.6	7.1
648.0	7.0
648.5	7.1
649.0	7.4
649.5	7.6
650.0	7.5
650.5	7.5
650.9	7.3
651.4	7.0
651.9	6.8
652.4	6.8
652.9	7.1
653.4	7.0
653.9	6.8
654.3	7.1
654.8	7.3
655.3	7.4
655.8	7.4
656.3	7.7
656.8	8.0
657.2	7.9
657.7	7.7
658.2	7.5
658.7	7.1
659.2	6.8
659.7	6.9
660.1	7.3
660.6	7.8
661.1	7.6
661.6	7.3
662.1	7.2
662.6	7.2
663.1	7.4
663.5	7.6
664.0	7.9
664.5	8.2
665.0	7.8
665.5	7.6
666.0	7.6
666.4	7.4
666.9	7.1
667.4	6.9
667.9	6.8
668.4	7.0
668.9	7.5
669.3	7.4
669.8	7.3
670.3	7.1
670.8	7.1
671.3	7.2
671.8	7.4
672.2	7.6
672.7	7.4
673.2	7.3
673.7	7.4
674.2	7.3
674.7	7.0
675.2	6.7
675.6	6.3
676.1	6.3
676.6	6.3
677.1	6.4
677.6	6.9
678.1	7.0
678.5	6.8
679.0	6.7
679.5	6.8
680.0	7.2
680.5	7.1
681.0	6.9
681.4	6.8
681.9	6.7
682.4	6.6
682.9	6.5
683.4	6.4
683.9	6.8
684.3	6.9
684.8	6.9
685.3	7.1
685.8	7.3
686.3	7.4
686.8	7.1
687.3	6.8
687.7	6.9
688.2	7.3
688.7	6.8
689.2	6.3
689.7	6.0
690.2	6.1
690.6	6.7
691.1	7.1
691.6	7.6
692.1	7.3
692.6	7.0
693.1	7.0
693.5	7.0
694.0	7.1
694.5	7.0
695.0	7.1
695.5	7.2
696.0	7.3
696.5	7.1
696.9	7.1
697.4	7.1
697.9	6.8
698.4	6.5
698.9	6.1
699.4	6.2
699.8	6.7
700.3	6.8
700.8	7.0
701.3	6.8
701.8	6.5
702.3	6.5
702.7	6.9
703.2	7.4
703.7	7.4
704.2	6.9
704.7	6.5
705.2	6.4
705.6	6.5
706.1	6.5
706.6	6.2
707.1	6.2
707.6	6.3
708.1	6.4
708.6	7.0
709.0	7.1
709.5	7.0
710.0	6.8
710.5	6.8
711.0	7.2
711.5	7.6
711.9	7.6
712.4	7.6
712.9	7.2
713.4	6.6
713.9	6.4
714.4	6.4
714.8	6.8
715.3	6.9
715.8	6.6
716.3	6.5
716.8	6.4
717.3	6.1
717.7	5.9
718.2	6.0
718.7	6.5
719.2	6.4
719.7	6.1
720.2	5.8
720.7	5.8
721.1	5.7
721.6	5.8
722.1	6.1
722.6	6.7
723.1	6.8
723.6	6.2
724.0	5.8
724.5	5.7
725.0	6.3
725.5	6.9
726.0	7.4
726.5	7.7
726.9	7.4
727.4	7.0
727.9	6.9
728.4	6.8
728.9	6.6
729.4	6.5
729.9	6.3
730.3	6.5
730.8	6.6
731.3	6.5
731.8	6.7
732.3	6.6
732.8	6.3
733.2	6.1
733.7	6.1
734.2	6.5
734.7	7.0
735.2	6.8
735.7	6.7
736.1	6.5
736.6	6.2
737.1	6.2
737.6	6.3
738.1	6.8
738.6	6.8
739.0	6.6
739.5	6.7
740.0	6.7
740.5	6.6
741.0	6.6
741.5	6.6
742.0	6.7
742.4	6.7
742.9	6.6
743.4	6.5
743.9	6.4
744.4	6.4
744.9	6.5
745.3	6.5
745.8	6.6
746.3	6.2
746.8	6.1
747.3	6.5
747.8	6.8
748.2	7.0
748.7	7.0
749.2	7.2
749.7	7.5
750.2	7.3
750.7	6.5
751.1	6.0
751.6	5.8
752.1	5.8
752.6	6.0
753.1	6.2
753.6	6.6
754.1	6.6
754.5	6.4
755.0	6.5
755.5	6.4
756.0	6.2
756.5	6.0
757.0	6.2
757.4	6.6
757.9	6.9
758.4	6.5
758.9	6.4
759.4	6.4
759.9	6.4
760.3	6.4
760.8	6.7
761.3	7.1
761.8	6.8
762.3	6.5
762.8	6.6
763.2	6.8
763.7	7.0
764.2	7.1
764.7	7.0
765.2	7.0
765.7	6.6
766.2	6.2
766.6	5.8
767.1	5.6
767.6	5.4
768.1	5.2
768.6	5.0
769.1	5.2
769.5	5.3
770.0	5.3
770.5	5.4
771.0	5.3
771.5	5.3
772.0	5.4
772.4	5.8
772.9	6.3
773.4	6.8
773.9	6.6
774.4	6.2
774.9	5.7
775.4	5.3
775.8	5.5
776.3	5.8
776.8	6.3
777.3	6.3
777.8	6.1
778.3	6.1
778.7	6.1
779.2	6.1
779.7	5.9
780.2	5.7
780.7	5.7
781.2	5.7
781.6	5.6
782.1	5.7
782.6	5.6
783.1	5.3
783.6	5.5
784.1	5.8
784.5	6.5
785.0	6.8
785.5	6.5
786.0	6.4
786.5	6.2
787.0	6.0
787.5	5.9
787.9	6.2
788.4	6.8
788.9	7.2
789.4	7.1
789.9	7.2
790.4	7.1
790.8	6.5
791.3	5.9
791.8	5.6
792.3	6.0
792.8	6.4
793.3	6.2
793.7	6.5
794.2	6.5
794.7	6.3
795.2	5.7
795.7	5.5
796.2	5.8
796.6	6.1
797.1	5.7
797.6	5.6
798.1	5.7
798.6	5.6
799.1	5.6
799.6	5.4
800.0	5.6
800.5	5.7
801.0	5.5
801.5	5.4
802.0	5.4
802.5	5.6
802.9	5.5
803.4	5.5
803.9	5.4
804.4	5.0
804.9	4.7
805.4	4.6
805.8	4.6
806.3	4.7
806.8	4.9
807.3	5.1
807.8	5.4
808.3	5.4
808.8	5.3
809.2	5.2
809.7	5.0
810.2	4.9
810.7	5.1
811.2	5.5
811.7	5.9
812.1	5.6
812.6	5.6
813.1	5.7
813.6	5.5
814.1	5.1
814.6	4.7
815.0	4.7
815.5	5.0
816.0	4.8
816.5	4.6
817.0	4.9
817.5	5.2
817.9	5.4
818.4	5.3
818.9	5.4
819.4	5.9
819.9	6.2
820.4	5.7
820.9	5.4
821.3	5.2
821.8	5.2
822.3	5.4
822.8	5.5
823.3	6.0
823.8	6.1
824.2	5.7
824.7	5.4
825.2	5.3
825.7	5.4
826.2	5.6
826.7	5.7
827.1	6.0
827.6	6.1
828.1	6.0
828.6	5.9
829.1	5.7
829.6	5.3
830.0	5.3
830.5	5.3
831.0	5.6
831.5	5.4
832.0	5.0
832.5	4.8
833.0	4.4
833.4	4.2
833.9	4.1
834.4	4.3
834.9	4.6
835.4	4.5
835.9	4.4
836.3	4.4
836.8	4.4
837.3	4.5
837.8	4.7
838.3	4.9
838.8	5.3
839.2	5.6
839.7	5.4
840.2	5.4
840.7	5.4
841.2	5.8
841.7	6.1
842.2	6.4
842.6	6.7
843.1	6.4
843.6	6.0
844.1	5.8
844.6	5.8
845.1	5.6
845.5	5.6
846.0	5.7
846.5	6.0
847.0	5.7
847.5	5.5
848.0	5.5
848.4	5.6
848.9	5.8
849.4	5.8
849.9	5.6
850.4	5.5
850.9	4.9
851.3	4.7
851.8	4.6
852.3	4.5
852.8	4.3
853.3	4.3
853.8	4.1
854.3	4.2
854.7	4.3
855.2	4.2
855.7	4.4
856.2	4.6
856.7	4.7
857.2	4.9
857.6	5.1
858.1	5.5
858.6	5.4
859.1	5.1
859.6	4.9
860.1	4.8
860.5	4.6
861.0	4.7
861.5	4.9
862.0	5.3
862.5	5.2
863.0	5.0
863.4	5.0
863.9	5.1
864.4	5.3
864.9	5.5
865.4	5.6
865.9	5.7
866.4	5.5
866.8	5.2
867.3	5.1
867.8	5.1
868.3	5.1
868.8	5.3
869.3	5.4
869.7	5.6
870.2	5.4
870.7	5.2
871.2	5.1
871.7	5.3
872.2	5.5
872.6	5.4
873.1	5.4
873.6	5.5
874.1	5.2
874.6	5.0
875.1	4.7
875.5	4.6
876.0	4.3
876.5	4.2
877.0	4.1
877.5	4.2
878.0	4.3
878.5	4.3
878.9	4.4
879.4	4.4
879.9	4.3
880.4	4.3
880.9	4.4
881.4	4.7
881.8	5.0
882.3	5.0
882.8	4.8
883.3	4.7
883.8	4.4
884.3	4.3
884.7	4.3
885.2	4.6
885.7	4.6
886.2	4.2
886.7	4.0
887.2	3.8
887.7	3.8
888.1	3.9
888.6	4.2
889.1	4.4
889.6	4.3
890.1	4.1
890.6	3.9
891.0	3.9
891.5	3.9
892.0	4.0
892.5	4.1
893.0	4.3
893.5	4.1
893.9	3.8
894.4	3.8
894.9	3.8
895.4	3.9
895.9	4.0
896.4	4.3
896.8	4.6
897.3	4.4
897.8	4.1
898.3	3.8
898.8	3.7
899.3	3.5
899.8	3.3
900.2	3.2
900.7	3.4
901.2	3.3
901.7	3.1
902.2	3.0
902.7	3.0
903.1	3.1
903.6	3.1
904.1	3.4
904.6	3.6
905.1	3.8
905.6	3.8
906.0	3.7
906.5	3.6
907.0	3.3
907.5	3.1
908.0	3.1
908.5	3.2
908.9	3.4
909.4	3.4
909.9	3.6
910.4	3.6
910.9	3.6
911.4	3.5
911.9	3.6
912.3	3.8
912.8	3.7
913.3	3.6
913.8	3.5
914.3	3.3
914.8	3.1
915.2	3.0
915.7	3.1
916.2	3.2
916.7	3.1
917.2	3.1
917.7	3.2
918.1	3.3
918.6	3.5
919.1	3.6
919.6	3.9
920.1	4.2
920.6	4.5
921.1	4.4
921.5	4.4
922.0	4.3
922.5	4.1
923.0	4.0
923.5	3.9
924.0	4.0
924.4	3.8
924.9	3.6
925.4	3.4
925.9	3.3
926.4	3.3
926.9	3.3
927.3	3.4
927.8	3.5
928.3	3.6
928.8	3.5
929.3	3.4
929.8	3.4
930.2	3.2
930.7	3.0
931.2	2.9
931.7	2.9
932.2	3.2
932.7	3.2
933.2	3.2
933.6	3.2
934.1	3.2
934.6	3.3
935.1	3.5
935.6	3.7
936.1	3.5
936.5	3.3
937.0	3.1
937.5	3.0
938.0	2.8
938.5	2.8
939.0	2.8
939.4	2.9
939.9	3.0
940.4	2.9
940.9	2.9
941.4	2.9
941.9	3.0
942.3	3.0
942.8	3.2
943.3	3.4
943.8	3.5
944.3	3.3
944.8	3.0
945.3	2.9
945.7	2.8
946.2	2.8
946.7	3.0
947.2	3.1
947.7	3.0
948.2	2.9
948.6	3.0
949.1	2.9
949.6	3.0
950.1	3.1
950.6	3.4
951.1	3.7
951.5	3.7
952.0	3.6
952.5	3.3
953.0	3.3
953.5	3.3
954.0	3.4
954.5	3.6
954.9	3.8
955.4	3.9
955.9	3.8
956.4	3.8
956.9	3.8
957.4	3.7
957.8	3.7
958.3	4.0
958.8	4.3
959.3	4.3
959.8	4.2
960.3	4.1
960.7	4.2
961.2	4.0
961.7	3.8
962.2	3.8
962.7	4.0
963.2	4.1
963.6	4.0
964.1	3.9
964.6	3.6
965.1	3.5
965.6	3.4
966.1	3.6
966.6	3.8
967.0	3.8
967.5	3.6
968.0	3.5
968.5	3.4
969.0	3.1
969.5	3.0
969.9	3.0
970.4	3.0
970.9	3.1
971.4	3.0
971.9	3.2
972.4	3.3
972.8	3.4
973.3	3.4
973.8	3.5
974.3	3.6
974.8	3.6
975.3	3.5
975.7	3.3
976.2	3.4
976.7	3.3
977.2	3.5
977.7	3.5
978.2	3.6
978.7	3.6
979.1	3.5
979.6	3.7
980.1	3.7
980.6	3.9
981.1	3.9
981.6	4.1
982.0	4.2
982.5	4.2
983.0	4.1
983.5	3.9
984.0	3.9
984.5	3.8
984.9	3.7
985.4	3.7
985.9	3.9
986.4	4.0
986.9	3.9
987.4	3.8
987.9	3.7
988.3	3.8
988.8	3.9
989.3	4.2
989.8	4.4
990.3	4.3
990.8	4.2
991.2	4.0
991.7	3.9
992.2	3.7
992.7	3.7
993.2	3.8
993.7	4.0
994.1	3.8
994.6	3.6
995.1	3.4
995.6	3.3
996.1	3.3
996.6	3.4
997.0	3.7
997.5	3.9
998.0	4.0
998.5	3.8
999.0	3.6
999.5	3.8
1000.0	3.8
1000.4	3.7
1000.9	3.9
1001.4	4.2
1001.9	4.4
1002.4	4.3
1002.9	4.3
1003.3	4.4
1003.8	4.4
1004.3	4.3
1004.8	4.3
1005.3	4.4
1005.8	4.8
1006.2	4.7
1006.7	4.6
1007.2	4.4
1007.7	4.2
1008.2	4.1
1008.7	4.2
1009.1	4.4
1009.6	4.4
1010.1	4.3
1010.6	4.5
1011.1	4.5
1011.6	4.5
1012.1	4.5
1012.5	4.8
1013.0	5.2
1013.5	5.3
1014.0	5.2
1014.5	5.1
1015.0	5.1
1015.4	5.0
1015.9	4.8
1016.4	4.7
1016.9	4.8
1017.4	4.7
1017.9	4.7
1018.3	4.7
1018.8	4.6
1019.3	4.5
1019.8	4.4
1020.3	4.4
1020.8	4.5
1021.3	4.3
1021.7	4.2
1022.2	4.0
1022.7	4.1
1023.2	3.9
1023.7	3.8
1024.2	3.8
1024.6	3.8
1025.1	3.9
1025.6	3.7
1026.1	3.6
1026.6	3.6
1027.1	3.8
1027.5	4.0
1028.0	4.2
1028.5	4.4
1029.0	4.4
1029.5	4.2
1030.0	4.0
1030.4	3.8
1030.9	3.6
1031.4	3.5
1031.9	3.4
1032.4	3.5
1032.9	3.5
1033.4	3.4
1033.8	3.3
1034.3	3.2
1034.8	3.3
1035.3	3.4
1035.8	3.6
1036.3	3.8
1036.7	3.7
1037.2	3.6
1037.7	3.3
1038.2	3.2
1038.7	3.0
1039.2	3.1
1039.6	3.2
1040.1	3.4
1040.6	3.4
1041.1	3.2
1041.6	3.1
1042.1	3.0
1042.5	3.0
1043.0	2.9
1043.5	3.1
1044.0	3.1
1044.5	3.1
1045.0	3.1
1045.5	3.0
1045.9	2.9
1046.4	2.8
1046.9	2.8
1047.4	3.0
1047.9	3.3
1048.4	3.2
1048.8	3.1
1049.3	3.3
1049.8	3.4
1050.3	3.7
1050.8	3.8
1051.3	4.1
1051.7	4.3
1052.2	4.2
1052.7	4.1
1053.2	3.9
1053.7	3.9
1054.2	3.7
1054.6	3.5
1055.1	3.5
1055.6	3.7
1056.1	3.7
1056.6	3.7
1057.1	3.7
1057.6	3.6
1058.0	3.4
1058.5	3.3
1059.0	3.5
1059.5	3.8
1060.0	4.1
1060.5	4.0
1060.9	3.8
1061.4	3.7
1061.9	3.5
1062.4	3.4
1062.9	3.5
1063.4	3.6
1063.8	3.7
1064.3	3.6
1064.8	3.7
1065.3	3.7
1065.8	3.6
1066.3	3.6
1066.8	3.7
1067.2	3.8
1067.7	3.7
1068.2	3.5
1068.7	3.2
1069.2	3.1
1069.7	2.9
1070.1	2.8
1070.6	2.8
1071.1	2.8
1071.6	2.8
1072.1	2.8
1072.6	2.7
1073.0	2.6
1073.5	2.7
1074.0	2.8
1074.5	3.0
1075.0	3.1
1075.5	3.2
1075.9	3.1
1076.4	2.8
1076.9	2.7
1077.4	2.5
1077.9	2.6
1078.4	2.7
1078.9	2.8
1079.3	2.7
1079.8	2.7
1080.3	2.6
1080.8	2.6
1081.3	2.8
1081.8	2.8
1082.2	3.2
1082.7	3.3
1083.2	3.4
1083.7	3.4
1084.2	3.2
1084.7	3.1
1085.1	2.9
1085.6	2.9
1086.1	2.8
1086.6	2.8
1087.1	2.7
1087.6	2.7
1088.0	2.8
1088.5	2.8
1089.0	2.9
1089.5	3.0
1090.0	3.3
1090.5	3.4
1091.0	3.7
1091.4	3.7
1091.9	3.5
1092.4	3.3
1092.9	3.1
1093.4	3.0
1093.9	3.1
1094.3	3.2
1094.8	3.3
1095.3	3.3
1095.8	3.2
1096.3	3.2
1096.8	3.3
1097.2	3.4
1097.7	3.7
1098.2	3.8
1098.7	3.5
1099.2	3.3
1099.7	3.1
1100.2	3.0
1100.6	2.8
1101.1	2.8
1101.6	2.8
1102.1	2.9
1102.6	2.7
1103.1	2.6
1103.5	2.5
1104.0	2.5
1104.5	2.5
1105.0	2.6
1105.5	2.8
1106.0	2.9
1106.4	2.7
1106.9	2.7
1107.4	2.5
1107.9	2.5
1108.4	2.4
1108.9	2.4
1109.3	2.4
1109.8	2.5
1110.3	2.5
1110.8	2.5
1111.3	2.5
1111.8	2.5
1112.3	2.7
1112.7	2.8
1113.2	3.1
1113.7	3.2
1114.2	3.2
1114.7	3.0
1115.2	2.7
1115.6	2.7
1116.1	2.5
1116.6	2.5
1117.1	2.5
1117.6	2.5
1118.1	2.5
1118.5	2.4
1119.0	2.4
1119.5	2.4
1120.0	2.5
1120.5	2.5
1121.0	2.7
1121.4	2.8
1121.9	2.8
1122.4	2.8
1122.9	2.6
1123.4	2.5
1123.9	2.4
1124.4	2.5
1124.8	2.6
1125.3	2.7
1125.8	2.7
1126.3	2.8
1126.8	2.8
1127.3	2.8
1127.7	2.9
1128.2	2.9
1128.7	3.2
1129.2	3.3
1129.7	3.3
1130.2	3.2
1130.6	2.9
1131.1	2.9
1131.6	2.8
1132.1	2.9
1132.6	2.9
1133.1	3.0
1133.6	2.9
1134.0	2.8
1134.5	2.8
1135.0	2.7
1135.5	2.8
1136.0	2.9
1136.5	3.3
1136.9	3.4
1137.4	3.1
1137.9	3.0
1138.4	2.7
1138.9	2.7
1139.4	2.6
1139.8	2.6
1140.3	2.6
1140.8	2.7
1141.3	2.7
1141.8	2.7
1142.3	2.7
1142.7	2.6
1143.2	2.7
1143.7	2.8
1144.2	3.0
1144.7	3.0
1145.2	2.9
1145.7	2.9
1146.1	2.7
1146.6	2.7
1147.1	2.5
1147.6	2.5
1148.1	2.5
1148.6	2.6
1149.0	2.6
1149.5	2.5
1150.0	2.4
1150.5	2.4
1151.0	2.6
1151.5	2.7
1151.9	3.0
1152.4	3.1
1152.9	3.0
1153.4	2.9
1153.9	2.7
1154.4	2.7
1154.8	2.5
1155.3	2.5
1155.8	2.6
1156.3	2.7
1156.8	2.8
1157.3	2.7
1157.8	2.5
1158.2	2.5
1158.7	2.5
1159.2	2.6
1159.7	2.8
1160.2	2.9
1160.7	3.0
1161.1	2.9
1161.6	2.7
1162.1	2.6
1162.6	2.5
1163.1	2.5
1163.6	2.6
1164.0	2.6
1164.5	2.6
1165.0	2.6
1165.5	2.6
1166.0	2.6
1166.5	2.7
1167.0	2.7
1167.4	2.9
1167.9	2.9
1168.4	2.8
1168.9	2.8
1169.4	2.5
1169.9	2.5
1170.3	2.3
1170.8	2.3
1171.3	2.2
1171.8	2.2
1172.3	2.2
1172.8	2.2
1173.2	2.1
1173.7	2.1
1174.2	2.2
1174.7	2.2
1175.2	2.5
1175.7	2.5
1176.1	2.5
1176.6	2.4
1177.1	2.2
1177.6	2.2
1178.1	2.1
1178.6	2.1
1179.1	2.1
1179.5	2.1
1180.0	2.0
1180.5	2.0
1181.0	2.0
1181.5	2.0
1182.0	2.1
1182.4	2.2
1182.9	2.4
1183.4	2.4
1183.9	2.5
1184.4	2.4
1184.9	2.2
1185.3	2.1
1185.8	2.0
1186.3	2.0
1186.8	2.1
1187.3	2.1
1187.8	2.1
1188.2	2.1
1188.7	2.1
1189.2	2.1
1189.7	2.2
1190.2	2.2
1190.7	2.4
1191.2	2.5
1191.6	2.5
1192.1	2.5
1192.6	2.2
1193.1	2.2
1193.6	2.1
1194.1	2.0
1194.5	2.1
1195.0	2.1
1195.5	2.1
1196.0	2.1
1196.5	2.1
1197.0	2.1
1197.4	2.2
1197.9	2.3
1198.4	2.6
1198.9	2.6
