 nm      %
------------
270.0	9.2
270.5	9.6
271.0	9.8
271.5	10.3
271.9	10.4
272.4	10.2
272.9	10.1
273.4	10.4
273.9	10.0
274.4	9.5
274.8	9.6
275.3	10.2
275.8	10.2
276.3	9.6
276.8	9.5
277.3	10.0
277.7	10.1
278.2	9.8
278.7	10.0
279.2	10.6
279.7	10.3
280.2	9.5
280.6	9.2
281.1	9.4
281.6	9.6
282.1	9.2
282.6	9.4
283.1	9.9
283.6	10.0
284.0	9.5
284.5	9.4
285.0	9.7
285.5	9.6
286.0	9.2
286.5	9.0
286.9	9.2
287.4	8.8
287.9	8.3
288.4	8.5
288.9	9.2
289.4	9.1
289.8	8.4
290.3	8.4
290.8	9.1
291.3	9.1
291.8	8.3
292.3	8.4
292.8	9.1
293.2	9.1
293.7	8.5
294.2	8.4
294.7	8.7
295.2	8.4
295.7	7.7
296.1	7.8
296.6	8.4
297.1	8.6
297.6	8.1
298.1	8.1
298.6	8.5
299.0	8.3
299.5	7.6
300.0	7.6
300.5	8.2
301.0	8.2
301.5	7.5
301.9	7.7
302.4	8.6
302.9	8.2
303.4	7.2
303.9	7.4
304.4	8.5
304.9	8.4
305.3	7.8
305.8	7.7
306.3	8.1
306.8	8.0
307.3	7.5
307.8	7.6
308.2	8.2
308.7	7.8
309.2	7.1
309.7	7.3
310.2	8.2
310.7	8.0
311.1	7.0
311.6	6.8
312.1	7.6
312.6	7.6
313.1	7.3
313.6	7.6
314.0	8.3
314.5	8.0
315.0	7.1
315.5	6.9
316.0	7.4
316.5	7.2
317.0	6.7
317.4	6.2
317.9	6.2
318.4	6.1
318.9	6.2
319.4	6.7
319.9	7.3
320.3	7.0
320.8	6.7
321.3	7.0
321.8	7.6
322.3	7.7
322.8	7.5
323.2	7.5
323.7	7.8
324.2	7.6
324.7	7.1
325.2	6.8
325.7	6.8
326.2	6.6
326.6	6.3
327.1	6.3
327.6	6.6
328.1	6.4
328.6	6.1
329.1	6.3
329.5	6.8
330.0	6.8
330.5	6.4
331.0	6.6
331.5	7.1
332.0	6.8
332.4	6.6
332.9	6.7
333.4	7.1
333.9	6.8
334.4	6.3
334.9	6.5
335.3	7.3
335.8	7.2
336.3	6.5
336.8	6.5
337.3	7.3
337.8	7.5
338.3	6.8
338.7	6.8
339.2	7.5
339.7	7.4
340.2	7.2
340.7	7.2
341.2	7.3
341.6	7.0
342.1	6.6
342.6	6.7
343.1	7.2
343.6	7.5
344.1	7.5
344.5	7.7
345.0	7.8
345.5	7.2
346.0	6.3
346.5	6.1
347.0	6.5
347.4	6.7
347.9	6.5
348.4	6.5
348.9	6.8
349.4	6.5
349.9	6.0
350.4	6.1
350.8	6.7
351.3	6.5
351.8	6.0
352.3	6.0
352.8	6.5
353.3	6.6
353.7	6.0
354.2	6.1
354.7	6.7
355.2	6.8
355.7	6.4
356.2	6.2
356.6	6.2
357.1	6.0
357.6	5.9
358.1	6.3
358.6	6.9
359.1	6.8
359.5	6.2
360.0	6.0
360.5	6.2
361.0	6.2
361.5	5.8
362.0	5.9
362.5	6.4
362.9	6.4
363.4	6.0
363.9	5.9
364.4	6.1
364.9	5.9
365.4	5.7
365.8	5.9
366.3	6.3
366.8	6.1
367.3	5.7
367.8	5.8
368.3	6.1
368.7	6.2
369.2	6.1
369.7	6.3
370.2	6.7
370.7	6.5
371.2	6.0
371.7	5.9
372.1	6.3
372.6	6.2
373.1	5.7
373.6	5.8
374.1	6.6
374.6	6.5
375.0	6.1
375.5	5.8
376.0	5.8
376.5	5.9
377.0	5.9
377.5	6.1
377.9	6.3
378.4	6.1
378.9	5.9
379.4	6.0
379.9	6.3
380.4	6.3
380.8	5.9
381.3	6.0
381.8	6.3
382.3	6.4
382.8	6.2
383.3	6.3
383.8	6.4
384.2	6.4
384.7	6.2
385.2	6.5
385.7	6.9
386.2	7.0
386.7	6.6
387.1	6.5
387.6	6.3
388.1	5.9
388.6	5.4
389.1	5.4
389.6	5.9
390.0	6.0
390.5	5.7
391.0	5.8
391.5	6.2
392.0	6.0
392.5	5.7
392.9	5.9
393.4	6.5
393.9	6.6
394.4	6.3
394.9	6.3
395.4	6.5
395.9	6.3
396.3	6.0
396.8	6.0
397.3	6.4
397.8	6.4
398.3	6.3
398.8	6.5
399.2	6.7
399.7	6.6
400.2	6.2
400.7	6.3
401.2	6.6
401.7	6.5
402.1	6.1
402.6	6.1
403.1	6.4
403.6	6.3
404.1	5.8
404.6	5.7
405.1	6.0
405.5	6.0
406.0	5.8
406.5	6.1
407.0	6.3
407.5	6.2
408.0	5.6
408.4	5.6
408.9	6.0
409.4	6.1
409.9	5.8
410.4	5.7
410.9	5.7
411.3	5.5
411.8	5.3
412.3	5.3
412.8	5.6
413.3	5.6
413.8	5.3
414.2	5.2
414.7	5.3
415.2	5.3
415.7	5.2
416.2	5.5
416.7	5.9
417.2	5.8
417.6	5.6
418.1	5.5
418.6	5.5
419.1	5.4
419.6	5.1
420.1	5.1
420.5	5.3
421.0	5.5
421.5	5.5
422.0	5.5
422.5	5.4
423.0	5.4
423.4	5.5
423.9	5.9
424.4	6.3
424.9	6.0
425.4	5.8
425.9	5.9
426.3	6.2
426.8	6.2
427.3	6.0
427.8	5.9
428.3	6.1
428.8	6.1
429.3	6.0
429.7	6.2
430.2	6.4
430.7	6.4
431.2	6.2
431.7	6.4
432.2	6.8
432.6	6.9
433.1	6.7
433.6	7.0
434.1	7.7
434.6	7.3
435.1	6.6
435.5	6.7
436.0	7.5
436.5	7.8
437.0	7.7
437.5	7.9
438.0	8.3
438.5	8.2
438.9	8.0
439.4	8.3
439.9	8.9
440.4	9.1
440.9	8.9
441.4	9.0
441.8	9.5
442.3	9.6
442.8	9.6
443.3	10.1
443.8	10.7
444.3	11.0
444.7	11.3
445.2	12.2
445.7	13.3
446.2	13.9
446.7	14.3
447.2	15.3
447.6	16.6
448.1	17.4
448.6	17.9
449.1	19.3
449.6	21.2
450.1	22.2
450.6	23.1
451.0	24.9
451.5	27.1
452.0	29.0
452.5	30.3
453.0	32.6
453.5	35.2
453.9	37.2
454.4	38.5
454.9	40.2
455.4	41.8
455.9	43.1
456.4	43.9
456.8	45.0
457.3	46.0
457.8	46.1
458.3	45.6
458.8	45.2
459.3	45.1
459.7	44.6
460.2	43.5
460.7	42.1
461.2	40.8
461.7	39.4
462.2	37.6
462.7	35.9
463.1	35.0
463.6	33.4
464.1	31.8
464.6	30.2
465.1	29.2
465.6	27.9
466.0	26.3
466.5	25.2
467.0	24.8
467.5	23.8
468.0	22.6
468.5	21.9
468.9	21.8
469.4	21.0
469.9	19.6
470.4	18.8
470.9	18.9
471.4	18.5
471.9	17.7
472.3	17.0
472.8	16.7
473.3	15.9
473.8	14.9
474.3	14.3
474.8	14.4
475.2	13.9
475.7	13.4
476.2	13.2
476.7	13.3
477.2	13.0
477.7	12.3
478.1	11.9
478.6	11.9
479.1	11.9
479.6	11.4
480.1	11.1
480.6	11.2
481.0	10.8
481.5	10.1
482.0	10.0
482.5	10.4
483.0	10.4
483.5	10.1
484.0	10.0
484.4	10.1
484.9	10.0
485.4	9.7
485.9	9.7
486.4	9.9
486.9	9.8
487.3	9.4
487.8	9.6
488.3	10.1
488.8	9.9
489.3	9.3
489.8	9.3
490.2	10.0
490.7	9.8
491.2	9.4
491.7	9.3
492.2	9.4
492.7	9.2
493.1	8.9
493.6	9.0
494.1	9.5
494.6	9.2
495.1	8.9
495.6	8.9
496.1	9.2
496.5	9.1
497.0	9.0
497.5	9.5
498.0	10.3
498.5	10.5
499.0	10.5
499.4	10.8
499.9	11.2
500.4	11.3
500.9	11.1
501.4	11.3
501.9	11.8
502.3	11.8
502.8	11.9
503.3	12.5
503.8	13.3
504.3	13.1
504.8	12.6
505.2	12.9
505.7	13.9
506.2	14.4
506.7	14.4
507.2	15.0
507.7	15.9
508.2	16.3
508.6	16.4
509.1	17.1
509.6	17.9
510.1	18.4
510.6	18.5
511.1	19.2
511.5	20.2
512.0	20.9
512.5	21.6
513.0	22.8
513.5	24.3
514.0	25.2
514.4	26.0
514.9	27.5
515.4	29.1
515.9	30.2
516.4	30.8
516.9	31.5
517.4	32.3
517.8	32.3
518.3	32.1
518.8	32.4
519.3	33.1
519.8	33.5
520.3	33.7
520.7	34.1
521.2	34.7
521.7	34.7
522.2	34.9
522.7	35.6
523.2	36.5
523.6	37.1
524.1	37.5
524.6	38.4
525.1	39.5
525.6	39.8
526.1	40.1
526.5	40.8
527.0	41.7
527.5	41.8
528.0	41.6
528.5	42.0
529.0	42.8
529.5	42.8
529.9	42.5
530.4	42.3
530.9	42.3
531.4	42.3
531.9	42.1
532.4	42.1
532.8	42.2
533.3	41.6
533.8	41.1
534.3	41.1
534.8	41.3
535.3	41.0
535.7	40.1
536.2	39.9
536.7	40.3
537.2	40.0
537.7	39.1
538.2	38.7
538.6	38.7
539.1	37.9
539.6	36.5
540.1	35.8
540.6	35.9
541.1	35.2
541.6	34.3
542.0	33.3
542.5	32.7
543.0	31.7
543.5	30.5
544.0	29.5
544.5	29.1
544.9	28.0
545.4	26.9
545.9	26.2
546.4	26.0
546.9	25.5
547.4	24.6
547.8	24.1
548.3	24.1
548.8	23.7
549.3	22.8
549.8	22.2
550.3	21.9
550.8	21.2
551.2	20.2
551.7	19.7
552.2	19.8
552.7	19.4
553.2	18.8
553.7	18.2
554.1	17.6
554.6	17.1
555.1	16.5
555.6	16.4
556.1	16.6
556.6	16.4
557.0	15.9
557.5	15.4
558.0	15.1
558.5	14.5
559.0	13.9
559.5	13.6
559.9	13.8
560.4	13.6
560.9	13.0
561.4	12.7
561.9	12.7
562.4	12.3
562.9	11.5
563.3	11.2
563.8	11.4
564.3	11.6
564.8	11.1
565.3	10.8
565.8	10.7
566.2	10.3
566.7	9.6
567.2	9.4
567.7	9.7
568.2	9.6
568.7	9.4
569.1	9.2
569.6	9.1
570.1	8.8
570.6	8.5
571.1	8.4
571.6	8.6
572.0	8.5
572.5	8.1
573.0	7.8
573.5	7.9
574.0	7.8
574.5	7.8
575.0	7.7
575.4	7.8
575.9	7.6
576.4	7.4
576.9	7.4
577.4	7.6
577.9	7.6
578.3	7.4
578.8	7.3
579.3	7.5
579.8	7.7
580.3	7.5
580.8	7.6
581.2	7.8
581.7	7.7
582.2	7.4
582.7	7.5
583.2	7.8
583.7	7.8
584.2	7.6
584.6	7.7
585.1	7.9
585.6	7.9
586.1	7.7
586.6	8.0
587.1	8.6
587.5	8.4
588.0	8.1
588.5	8.0
589.0	8.5
589.5	8.7
590.0	8.7
590.4	8.8
590.9	9.2
591.4	9.1
591.9	9.3
592.4	9.6
592.9	9.9
593.3	9.8
593.8	9.6
594.3	9.8
594.8	10.1
595.3	9.7
595.8	9.4
596.3	9.3
596.7	9.6
597.2	9.8
597.7	10.0
598.2	10.5
598.7	11.2
599.2	11.4
599.6	11.7
600.1	12.5
600.6	12.9
601.1	13.6
601.6	16.4
602.1	20.9
602.5	24.2
603.0	23.3
603.5	20.5
604.0	19.2
604.5	19.2
605.0	18.7
605.4	23.4
605.9	37.6
606.4	50.6
606.9	50.0
607.4	45.0
607.9	35.1
608.4	25.5
608.8	19.6
609.3	16.7
609.8	15.9
610.3	16.0
610.8	15.5
611.3	15.2
611.7	15.1
612.2	15.1
612.7	14.8
613.2	14.3
613.7	14.1
614.2	14.3
614.6	14.3
615.1	14.3
615.6	14.8
616.1	15.6
616.6	16.1
617.1	16.4
617.5	17.1
618.0	17.9
618.5	18.5
619.0	18.9
619.5	19.6
620.0	22.1
620.5	26.3
620.9	35.5
621.4	62.2
621.9	90.8
622.4	100.0
622.9	91.7
623.4	74.1
623.8	53.5
624.3	39.7
624.8	34.2
625.3	47.0
625.8	66.5
626.3	74.6
626.7	65.5
627.2	47.7
627.7	31.8
628.2	21.8
628.7	15.1
629.2	12.1
629.7	11.7
630.1	11.0
630.6	9.8
631.1	9.1
631.6	9.1
632.1	8.7
632.6	8.1
633.0	8.4
633.5	9.5
634.0	9.9
634.5	9.9
635.0	10.4
635.5	11.1
635.9	12.6
636.4	16.2
636.9	19.4
637.4	20.3
637.9	19.6
638.4	17.1
638.8	13.9
639.3	11.7
639.8	10.8
640.3	10.1
640.8	9.7
641.3	9.6
641.8	9.2
642.2	8.7
642.7	8.2
643.2	8.0
643.7	7.6
644.2	7.3
644.7	7.2
645.1	7.5
645.6	7.6
646.1	7.3
646.6	7.1
647.1	7.0
647.6	6.8
648.0	6.3
648.5	6.4
649.0	6.7
649.5	6.7
650.0	6.4
650.5	6.3
650.9	6.4
651.4	6.2
651.9	5.9
652.4	5.8
652.9	6.1
653.4	5.9
653.9	5.7
654.3	5.9
654.8	6.2
655.3	6.3
655.8	6.2
656.3	6.4
656.8	6.9
657.2	7.0
657.7	6.9
658.2	6.6
658.7	6.4
659.2	6.0
659.7	5.9
660.1	6.1
660.6	6.4
661.1	6.3
661.6	6.0
662.1	6.0
662.6	6.1
663.1	6.3
663.5	6.2
664.0	6.2
664.5	6.3
665.0	6.2
665.5	6.1
666.0	6.0
666.4	6.1
666.9	5.9
667.4	5.7
667.9	5.6
668.4	5.8
668.9	5.9
669.3	5.8
669.8	5.8
670.3	5.8
670.8	5.8
671.3	5.8
671.8	5.8
672.2	6.0
672.7	5.8
673.2	5.7
673.7	5.6
674.2	5.8
674.7	5.8
675.2	5.6
675.6	5.4
676.1	5.4
676.6	5.3
677.1	5.3
677.6	5.5
678.1	5.6
678.5	5.5
679.0	5.4
679.5	5.6
680.0	5.8
680.5	5.8
681.0	5.5
681.4	5.4
681.9	5.7
682.4	5.6
682.9	5.3
683.4	5.3
683.9	5.6
684.3	5.6
684.8	5.3
685.3	5.4
685.8	5.7
686.3	5.6
686.8	5.2
687.3	5.3
687.7	5.7
688.2	5.6
688.7	5.3
689.2	5.1
689.7	5.1
690.2	5.2
690.6	5.3
691.1	5.5
691.6	5.8
692.1	5.5
692.6	5.3
693.1	5.3
693.5	5.6
694.0	5.6
694.5	5.3
695.0	5.4
695.5	5.7
696.0	5.5
696.5	5.5
696.9	5.5
697.4	5.6
697.9	5.5
698.4	5.2
698.9	5.1
699.4	5.2
699.8	5.3
700.3	5.3
700.8	5.4
701.3	5.4
701.8	5.3
702.3	5.2
702.7	5.5
703.2	5.7
703.7	5.5
704.2	5.2
704.7	5.1
705.2	5.3
705.6	5.3
706.1	5.2
706.6	5.1
707.1	5.2
707.6	5.1
708.1	5.0
708.6	5.2
709.0	5.4
709.5	5.4
710.0	5.2
710.5	5.3
711.0	5.6
711.5	5.8
711.9	5.6
712.4	5.5
712.9	5.5
713.4	5.2
713.9	4.9
714.4	5.0
714.8	5.3
715.3	5.5
715.8	5.1
716.3	5.0
716.8	5.3
717.3	5.2
717.7	4.8
718.2	4.8
718.7	5.3
719.2	5.5
719.7	5.0
720.2	4.9
720.7	5.2
721.1	5.2
721.6	4.8
722.1	4.8
722.6	5.3
723.1	5.3
723.6	5.0
724.0	4.9
724.5	5.0
725.0	5.2
725.5	5.4
726.0	5.6
726.5	5.8
726.9	5.6
727.4	5.3
727.9	5.2
728.4	5.3
728.9	5.2
729.4	5.1
729.9	5.0
730.3	5.2
730.8	5.3
731.3	5.2
731.8	5.2
732.3	5.3
732.8	5.2
733.2	5.0
733.7	5.0
734.2	5.2
734.7	5.4
735.2	5.3
735.7	5.2
736.1	5.3
736.6	5.1
737.1	5.0
737.6	5.0
738.1	5.4
738.6	5.4
739.0	5.1
739.5	5.2
740.0	5.5
740.5	5.5
741.0	5.2
741.5	5.2
742.0	5.4
742.4	5.4
742.9	5.2
743.4	5.2
743.9	5.3
744.4	5.3
744.9	5.1
745.3	5.2
745.8	5.4
746.3	5.0
746.8	4.8
747.3	5.0
747.8	5.5
748.2	5.6
748.7	5.3
749.2	5.3
749.7	5.7
750.2	5.4
750.7	4.9
751.1	4.7
751.6	4.9
752.1	4.9
752.6	4.6
753.1	4.9
753.6	5.5
754.1	5.5
754.5	5.1
755.0	5.1
755.5	5.4
756.0	5.2
756.5	4.7
757.0	4.8
757.4	5.4
757.9	5.3
758.4	5.1
758.9	5.0
759.4	5.2
759.9	5.3
760.3	5.2
760.8	5.1
761.3	5.3
761.8	5.2
762.3	5.1
762.8	5.1
763.2	5.3
763.7	5.4
764.2	5.4
764.7	5.5
765.2	5.6
765.7	5.4
766.2	5.2
766.6	5.0
767.1	5.0
767.6	5.0
768.1	4.8
768.6	4.7
769.1	4.9
769.5	4.9
770.0	4.9
770.5	5.0
771.0	5.0
771.5	4.9
772.0	4.8
772.4	5.0
772.9	5.4
773.4	5.5
773.9	5.3
774.4	5.1
774.9	5.0
775.4	4.9
775.8	4.9
776.3	5.0
776.8	5.4
777.3	5.3
777.8	4.9
778.3	5.0
778.7	5.3
779.2	5.4
779.7	5.0
780.2	4.9
780.7	5.2
781.2	5.2
781.6	5.0
782.1	4.9
782.6	5.1
783.1	4.9
783.6	4.6
784.1	4.8
784.5	5.3
785.0	5.5
785.5	5.1
786.0	5.0
786.5	5.1
787.0	5.0
787.5	4.7
787.9	4.9
788.4	5.4
788.9	5.5
789.4	5.2
789.9	5.3
790.4	5.6
790.8	5.3
791.3	4.6
791.8	4.5
792.3	5.0
792.8	5.2
793.3	4.9
793.7	5.0
794.2	5.4
794.7	5.3
795.2	4.7
795.7	4.6
796.2	5.1
796.6	5.3
797.1	5.0
797.6	5.0
798.1	5.2
798.6	5.1
799.1	4.8
799.6	4.9
800.0	5.2
800.5	5.1
801.0	4.8
801.5	4.9
802.0	5.2
802.5	5.3
802.9	5.0
803.4	5.0
803.9	5.2
804.4	5.0
804.9	4.7
805.4	4.6
805.8	4.8
806.3	4.9
806.8	4.8
807.3	4.7
807.8	5.0
808.3	5.0
808.8	4.8
809.2	4.8
809.7	4.9
810.2	4.9
810.7	4.9
811.2	5.1
811.7	5.3
812.1	5.2
812.6	4.9
813.1	5.0
813.6	5.2
814.1	5.0
814.6	4.5
815.0	4.4
815.5	4.7
816.0	4.9
816.5	4.2
817.0	4.5
817.5	5.4
817.9	5.3
818.4	4.4
818.9	4.5
819.4	5.4
819.9	5.5
820.4	4.9
820.9	4.7
821.3	4.9
821.8	4.9
822.3	4.8
822.8	4.9
823.3	5.4
823.8	5.4
824.2	4.9
824.7	4.7
825.2	4.8
825.7	4.9
826.2	4.8
826.7	5.0
827.1	5.4
827.6	5.3
828.1	5.2
828.6	5.1
829.1	5.1
829.6	5.0
830.0	4.9
830.5	5.0
831.0	5.4
831.5	5.3
832.0	5.0
832.5	4.9
833.0	4.8
833.4	4.5
833.9	4.2
834.4	4.4
834.9	5.0
835.4	4.8
835.9	4.2
836.3	4.3
836.8	4.9
837.3	5.1
837.8	4.6
838.3	4.6
838.8	5.3
839.2	5.2
839.7	4.9
840.2	4.9
840.7	5.1
841.2	5.1
841.7	4.9
842.2	5.1
842.6	5.5
843.1	5.3
843.6	5.0
844.1	5.0
844.6	5.2
845.1	5.1
845.5	4.9
846.0	5.0
846.5	5.3
847.0	5.1
847.5	4.8
848.0	4.9
848.4	5.2
848.9	5.3
849.4	5.1
849.9	5.2
850.4	5.5
850.9	5.1
851.3	4.6
851.8	4.6
852.3	5.0
852.8	4.9
853.3	4.5
853.8	4.5
854.3	4.9
854.7	5.0
855.2	4.7
855.7	4.8
856.2	5.2
856.7	5.3
857.2	5.0
857.6	5.3
858.1	5.8
858.6	5.7
859.1	5.2
859.6	5.0
860.1	5.3
860.5	5.2
861.0	4.9
861.5	5.0
862.0	5.5
862.5	5.4
863.0	5.1
863.4	5.1
863.9	5.3
864.4	5.5
864.9	5.3
865.4	5.4
865.9	5.7
866.4	5.6
866.8	5.1
867.3	4.9
867.8	5.2
868.3	5.2
868.8	5.0
869.3	5.1
869.7	5.5
870.2	5.3
870.7	4.9
871.2	4.9
871.7	5.2
872.2	5.3
872.6	5.1
873.1	5.0
873.6	5.2
874.1	5.1
874.6	4.8
875.1	4.6
875.5	4.7
876.0	4.6
876.5	4.6
877.0	4.6
877.5	4.8
878.0	4.9
878.5	4.4
878.9	4.5
879.4	4.9
879.9	4.8
880.4	4.2
880.9	4.3
881.4	5.0
881.8	5.2
882.3	5.0
882.8	4.9
883.3	4.9
883.8	4.7
884.3	4.5
884.7	4.5
885.2	4.9
885.7	5.0
886.2	4.6
886.7	4.5
887.2	4.6
887.7	4.4
888.1	4.2
888.6	4.4
889.1	5.0
889.6	4.9
890.1	4.4
890.6	4.3
891.0	4.6
891.5	4.6
892.0	4.4
892.5	4.5
893.0	4.9
893.5	4.9
893.9	4.2
894.4	4.1
894.9	4.6
895.4	4.5
895.9	4.1
896.4	4.4
896.8	5.3
897.3	5.2
897.8	4.7
898.3	4.5
898.8	4.8
899.3	4.7
899.8	4.2
900.2	4.2
900.7	4.8
901.2	4.8
901.7	4.3
902.2	4.2
902.7	4.2
903.1	4.2
903.6	4.0
904.1	4.4
904.6	5.1
905.1	5.1
905.6	4.7
906.0	4.7
906.5	4.9
907.0	4.6
907.5	4.0
908.0	3.8
908.5	4.4
908.9	4.6
909.4	4.2
909.9	4.5
910.4	5.1
910.9	4.9
911.4	4.2
911.9	4.3
912.3	4.9
912.8	4.9
913.3	4.5
913.8	4.4
914.3	4.4
914.8	4.2
915.2	3.9
915.7	4.0
916.2	4.5
916.7	4.3
917.2	3.9
917.7	4.1
918.1	4.6
918.6	4.8
919.1	4.5
919.6	4.4
920.1	4.7
920.6	4.7
921.1	4.8
921.5	5.0
922.0	5.1
922.5	4.8
923.0	4.5
923.5	4.5
924.0	4.8
924.4	4.9
924.9	4.4
925.4	4.3
925.9	4.6
926.4	4.6
926.9	4.2
927.3	4.1
927.8	4.6
928.3	4.6
928.8	4.2
929.3	4.4
929.8	5.1
930.2	4.9
930.7	4.0
931.2	3.7
931.7	4.1
932.2	4.4
932.7	4.2
933.2	4.4
933.6	4.7
934.1	4.6
934.6	4.2
935.1	4.2
935.6	4.7
936.1	4.9
936.5	4.5
937.0	4.4
937.5	4.4
938.0	4.3
938.5	4.0
939.0	4.0
939.4	4.4
939.9	4.3
940.4	3.9
940.9	4.1
941.4	4.5
941.9	4.6
942.3	4.3
942.8	4.4
943.3	5.0
943.8	5.1
944.3	4.7
944.8	4.4
945.3	4.5
945.7	4.4
946.2	4.3
946.7	4.2
947.2	4.5
947.7	4.4
948.2	4.1
948.6	4.3
949.1	4.6
949.6	4.5
950.1	3.9
950.6	4.0
951.1	4.6
951.5	4.6
952.0	4.0
952.5	3.8
953.0	4.4
953.5	4.3
954.0	4.0
954.5	4.0
954.9	4.8
955.4	4.8
955.9	4.4
956.4	4.4
956.9	4.6
957.4	4.7
957.8	4.4
958.3	4.4
958.8	4.8
959.3	4.8
959.8	4.3
960.3	4.4
960.7	5.0
961.2	4.9
961.7	4.4
962.2	4.4
962.7	5.1
963.2	5.2
963.6	4.7
964.1	4.5
964.6	4.7
965.1	4.4
965.6	3.9
966.1	4.0
966.6	4.7
967.0	5.1
967.5	4.6
968.0	4.5
968.5	4.5
969.0	4.3
969.5	3.9
969.9	4.0
970.4	4.4
970.9	4.3
971.4	3.9
971.9	4.1
972.4	4.6
972.8	4.6
973.3	4.2
973.8	4.2
974.3	4.4
974.8	4.3
975.3	3.9
975.7	3.9
976.2	4.2
976.7	4.4
977.2	4.3
977.7	4.2
978.2	4.4
978.7	4.1
979.1	4.0
979.6	4.3
980.1	4.5
980.6	4.5
981.1	4.4
981.6	4.5
982.0	4.8
982.5	4.5
983.0	4.2
983.5	4.2
984.0	4.7
984.5	4.6
984.9	4.3
985.4	4.3
985.9	4.7
986.4	4.8
986.9	4.3
987.4	4.2
987.9	4.4
988.3	4.5
988.8	4.3
989.3	4.5
989.8	4.9
990.3	4.8
990.8	4.5
991.2	4.5
991.7	4.7
992.2	4.6
992.7	4.3
993.2	4.3
993.7	4.7
994.1	4.5
994.6	4.1
995.1	4.0
995.6	4.3
996.1	4.3
996.6	3.9
997.0	4.0
997.5	4.4
998.0	4.4
998.5	4.0
999.0	4.1
999.5	4.4
1000.0	4.3
1000.4	4.0
1000.9	4.1
1001.4	4.7
1001.9	4.8
1002.4	4.4
1002.9	4.4
1003.3	4.6
1003.8	4.6
1004.3	4.3
1004.8	4.3
1005.3	4.7
1005.8	4.8
1006.2	4.7
1006.7	4.7
1007.2	4.7
1007.7	4.6
1008.2	4.5
1008.7	4.7
1009.1	5.2
1009.6	4.9
1010.1	4.5
1010.6	4.6
1011.1	5.2
1011.6	5.2
1012.1	4.7
1012.5	4.8
1013.0	5.4
1013.5	5.3
1014.0	4.9
1014.5	5.0
1015.0	5.5
1015.4	5.3
1015.9	4.6
1016.4	4.6
1016.9	5.1
1017.4	5.0
1017.9	4.6
1018.3	4.7
1018.8	5.1
1019.3	5.1
1019.8	4.6
1020.3	4.5
1020.8	4.8
1021.3	4.6
1021.7	4.2
1022.2	4.3
1022.7	4.8
1023.2	4.8
1023.7	4.4
1024.2	4.4
1024.6	4.7
1025.1	4.6
1025.6	4.1
1026.1	4.1
1026.6	4.4
1027.1	4.5
1027.5	4.4
1028.0	4.7
1028.5	5.2
1029.0	4.9
1029.5	4.3
1030.0	4.3
1030.4	4.9
1030.9	4.8
1031.4	4.1
1031.9	4.0
1032.4	4.6
1032.9	4.5
1033.4	4.1
1033.8	4.1
1034.3	4.4
1034.8	4.3
1035.3	3.9
1035.8	4.1
1036.3	4.8
1036.7	4.9
1037.2	4.5
1037.7	4.3
1038.2	4.3
1038.7	4.1
1039.2	3.8
1039.6	4.0
1040.1	4.5
1040.6	4.4
1041.1	4.1
1041.6	4.1
1042.1	4.0
1042.5	4.0
1043.0	3.8
1043.5	3.8
1044.0	3.9
1044.5	3.8
1045.0	3.6
1045.5	3.7
1045.9	4.0
1046.4	3.9
1046.9	3.7
1047.4	3.8
1047.9	4.2
1048.4	4.0
1048.8	3.7
1049.3	3.9
1049.8	4.3
1050.3	4.5
1050.8	4.4
1051.3	4.4
1051.7	4.8
1052.2	4.8
1052.7	4.5
1053.2	4.5
1053.7	4.7
1054.2	4.6
1054.6	4.1
1055.1	4.1
1055.6	4.5
1056.1	4.7
1056.6	4.5
1057.1	4.5
1057.6	4.6
1058.0	4.3
1058.5	3.8
1059.0	3.8
1059.5	4.4
1060.0	4.6
1060.5	4.3
1060.9	4.3
1061.4	4.5
1061.9	4.3
1062.4	3.9
1062.9	4.0
1063.4	4.6
1063.8	4.7
1064.3	4.3
1064.8	4.4
1065.3	4.7
1065.8	4.4
1066.3	3.9
1066.8	4.1
1067.2	5.0
1067.7	4.9
1068.2	4.2
1068.7	4.1
1069.2	4.5
1069.7	4.3
1070.1	3.7
1070.6	3.6
1071.1	4.2
1071.6	4.2
1072.1	3.7
1072.6	3.7
1073.0	4.0
1073.5	4.1
1074.0	3.9
1074.5	3.9
1075.0	4.4
1075.5	4.3
1075.9	3.9
1076.4	3.7
1076.9	3.8
1077.4	3.7
1077.9	3.6
1078.4	3.7
1078.9	4.2
1079.3	4.1
1079.8	3.6
1080.3	3.6
1080.8	4.1
1081.3	4.2
1081.8	3.8
1082.2	3.9
1082.7	4.4
1083.2	4.5
1083.7	4.3
1084.2	4.3
1084.7	4.3
1085.1	4.0
1085.6	3.7
1086.1	3.7
1086.6	4.0
1087.1	3.9
1087.6	3.6
1088.0	3.7
1088.5	4.1
1089.0	4.2
1089.5	3.8
1090.0	3.8
1090.5	4.4
1091.0	4.6
1091.4	4.5
1091.9	4.5
1092.4	4.5
1092.9	4.0
1093.4	3.5
1093.9	3.7
1094.3	4.2
1094.8	4.5
1095.3	4.3
1095.8	4.2
1096.3	4.2
1096.8	4.0
1097.2	4.0
1097.7	4.4
1098.2	5.0
1098.7	4.9
1099.2	4.2
1099.7	3.9
1100.2	4.0
1100.6	3.8
1101.1	3.6
1101.6	3.7
1102.1	4.2
1102.6	4.0
1103.1	3.6
1103.5	3.6
1104.0	3.9
1104.5	3.8
1105.0	3.3
1105.5	3.2
1106.0	3.6
1106.4	3.4
1106.9	3.1
1107.4	3.0
1107.9	3.3
1108.4	3.4
1108.9	3.3
1109.3	3.3
1109.8	3.7
1110.3	3.5
1110.8	3.1
1111.3	3.3
1111.8	3.8
1112.3	4.0
1112.7	3.9
1113.2	3.9
1113.7	4.3
1114.2	4.2
1114.7	3.8
1115.2	3.7
1115.6	4.1
1116.1	3.9
1116.6	3.3
1117.1	3.4
1117.6	3.9
1118.1	3.9
1118.5	3.5
1119.0	3.4
1119.5	3.6
1120.0	3.6
1120.5	3.4
1121.0	3.5
1121.4	4.0
1121.9	3.9
1122.4	3.6
1122.9	3.6
1123.4	3.7
1123.9	3.5
1124.4	3.3
1124.8	3.3
1125.3	3.8
1125.8	3.9
1126.3	3.7
1126.8	3.9
1127.3	4.0
1127.7	3.7
1128.2	3.2
1128.7	3.4
1129.2	4.0
1129.7	4.2
1130.2	4.0
1130.6	3.9
1131.1	3.9
1131.6	3.8
1132.1	3.8
1132.6	4.0
1133.1	4.3
1133.6	4.1
1134.0	3.7
1134.5	3.8
1135.0	4.0
1135.5	4.0
1136.0	3.7
1136.5	3.9
1136.9	4.4
1137.4	4.2
1137.9	3.4
1138.4	3.2
1138.9	3.6
1139.4	3.5
1139.8	3.1
1140.3	3.2
1140.8	4.0
1141.3	4.2
1141.8	4.0
1142.3	3.8
1142.7	3.7
1143.2	3.5
1143.7	3.3
1144.2	3.3
1144.7	3.4
1145.2	3.5
1145.7	3.4
1146.1	3.4
1146.6	3.5
1147.1	3.2
1147.6	3.0
1148.1	3.1
1148.6	3.6
1149.0	3.7
1149.5	3.4
1150.0	3.3
1150.5	3.3
1151.0	3.4
1151.5	3.5
1151.9	3.7
1152.4	4.0
1152.9	3.7
1153.4	3.5
1153.9	3.5
1154.4	3.6
1154.8	3.4
1155.3	3.3
1155.8	3.4
1156.3	3.8
1156.8	3.9
1157.3	3.7
1157.8	3.6
1158.2	3.5
1158.7	3.5
1159.2	3.5
1159.7	3.7
1160.2	3.9
1160.7	3.7
1161.1	3.4
1161.6	3.1
1162.1	3.1
1162.6	3.0
1163.1	3.0
1163.6	3.2
1164.0	3.4
1164.5	3.2
1165.0	3.1
1165.5	3.3
1166.0	3.6
1166.5	3.5
1167.0	3.2
1167.4	3.2
1167.9	3.5
1168.4	3.3
1168.9	3.0
1169.4	2.7
1169.9	2.7
1170.3	2.6
1170.8	2.5
1171.3	2.5
1171.8	2.6
1172.3	2.6
1172.8	2.5
1173.2	2.6
1173.7	2.6
1174.2	2.6
1174.7	2.5
1175.2	2.6
1175.7	2.9
1176.1	2.7
1176.6	2.4
1177.1	2.2
1177.6	2.2
1178.1	2.2
1178.6	2.1
1179.1	2.2
1179.5	2.3
1180.0	2.2
1180.5	2.1
1181.0	2.2
1181.5	2.1
1182.0	2.2
1182.4	2.2
1182.9	2.4
1183.4	2.5
1183.9	2.5
1184.4	2.4
1184.9	2.3
1185.3	2.3
1185.8	2.2
1186.3	2.2
1186.8	2.3
1187.3	2.5
1187.8	2.3
1188.2	2.2
1188.7	2.2
1189.2	2.2
1189.7	2.2
1190.2	2.2
1190.7	2.4
1191.2	2.4
1191.6	2.2
1192.1	2.1
1192.6	1.9
1193.1	1.9
1193.6	1.7
1194.1	1.7
1194.5	1.7
1195.0	1.8
1195.5	1.7
1196.0	1.6
1196.5	1.7
1197.0	1.7
1197.4	1.8
1197.9	1.9
1198.4	2.0
1198.9	2.1
