 nm      %
------------
270.0	11.2
270.5	11.8
271.0	12.0
271.5	12.4
271.9	12.4
272.4	12.0
272.9	11.9
273.4	12.3
273.9	12.1
274.4	11.7
274.8	11.8
275.3	12.2
275.8	12.2
276.3	11.6
276.8	11.5
277.3	11.9
277.7	11.9
278.2	11.7
278.7	11.9
279.2	12.4
279.7	12.1
280.2	11.4
280.6	11.3
281.1	11.6
281.6	11.5
282.1	11.2
282.6	11.3
283.1	11.7
283.6	11.7
284.0	11.3
284.5	11.2
285.0	11.5
285.5	11.4
286.0	11.0
286.5	10.9
286.9	11.1
287.4	10.8
287.9	10.3
288.4	10.5
288.9	11.2
289.4	11.0
289.8	10.6
290.3	10.6
290.8	11.0
291.3	11.0
291.8	10.5
292.3	10.4
292.8	10.9
293.2	10.8
293.7	10.3
294.2	10.4
294.7	10.7
295.2	10.6
295.7	10.1
296.1	10.0
296.6	10.5
297.1	10.4
297.6	10.1
298.1	10.2
298.6	10.5
299.0	10.4
299.5	9.9
300.0	9.9
300.5	10.3
301.0	10.3
301.5	9.8
301.9	9.9
302.4	10.4
302.9	10.2
303.4	9.6
303.9	9.7
304.4	10.3
304.9	10.3
305.3	9.8
305.8	9.7
306.3	10.1
306.8	10.1
307.3	9.8
307.8	9.8
308.2	10.1
308.7	10.0
309.2	9.6
309.7	9.7
310.2	10.3
310.7	10.1
311.1	9.4
311.6	9.3
312.1	9.8
312.6	9.8
313.1	9.6
313.6	9.8
314.0	10.1
314.5	10.1
315.0	9.6
315.5	9.5
316.0	9.8
316.5	9.7
317.0	9.4
317.4	9.2
317.9	9.3
318.4	9.3
318.9	9.3
319.4	9.5
319.9	9.8
320.3	9.7
320.8	9.5
321.3	9.6
321.8	9.9
322.3	9.9
322.8	9.7
323.2	9.7
323.7	9.9
324.2	9.8
324.7	9.5
325.2	9.5
325.7	9.7
326.2	9.6
326.6	9.2
327.1	9.2
327.6	9.4
328.1	9.3
328.6	8.9
329.1	9.0
329.5	9.4
330.0	9.5
330.5	9.2
331.0	9.2
331.5	9.6
332.0	9.4
332.4	9.2
332.9	9.2
333.4	9.6
333.9	9.5
334.4	9.1
334.9	9.2
335.3	9.7
335.8	9.6
336.3	9.1
336.8	9.1
337.3	9.6
337.8	9.7
338.3	9.2
338.7	9.2
339.2	9.7
339.7	9.6
340.2	9.5
340.7	9.6
341.2	9.8
341.6	9.6
342.1	9.2
342.6	9.2
343.1	9.6
343.6	9.6
344.1	9.5
344.5	9.6
345.0	9.9
345.5	9.5
346.0	8.8
346.5	8.7
347.0	9.1
347.4	9.2
347.9	9.0
348.4	9.1
348.9	9.3
349.4	9.2
349.9	8.8
350.4	8.9
350.8	9.4
351.3	9.3
351.8	8.8
352.3	8.8
352.8	9.3
353.3	9.3
353.7	8.7
354.2	8.6
354.7	9.1
355.2	9.2
355.7	8.9
356.2	8.8
356.6	8.8
357.1	8.7
357.6	8.6
358.1	8.9
358.6	9.3
359.1	9.3
359.5	8.8
360.0	8.7
360.5	8.9
361.0	8.9
361.5	8.6
362.0	8.6
362.5	9.0
362.9	8.9
363.4	8.5
363.9	8.5
364.4	8.8
364.9	8.7
365.4	8.3
365.8	8.5
366.3	9.0
366.8	8.9
367.3	8.6
367.8	8.6
368.3	8.8
368.7	8.8
369.2	8.6
369.7	8.6
370.2	9.0
370.7	8.8
371.2	8.3
371.7	8.4
372.1	8.9
372.6	8.8
373.1	8.2
373.6	8.3
374.1	8.9
374.6	8.9
375.0	8.5
375.5	8.4
376.0	8.7
376.5	8.7
377.0	8.4
377.5	8.4
377.9	8.7
378.4	8.6
378.9	8.2
379.4	8.2
379.9	8.6
380.4	8.6
380.8	8.2
381.3	8.2
381.8	8.6
382.3	8.6
382.8	8.3
383.3	8.3
383.8	8.6
384.2	8.5
384.7	8.2
385.2	8.3
385.7	8.8
386.2	8.7
386.7	8.5
387.1	8.6
387.6	8.8
388.1	8.5
388.6	7.8
389.1	7.8
389.6	8.3
390.0	8.3
390.5	7.9
391.0	8.0
391.5	8.4
392.0	8.3
392.5	7.6
392.9	7.7
393.4	8.5
393.9	8.5
394.4	8.0
394.9	8.0
395.4	8.5
395.9	8.4
396.3	8.0
396.8	8.0
397.3	8.4
397.8	8.4
398.3	8.4
398.8	8.5
399.2	8.7
399.7	8.4
400.2	8.0
400.7	8.1
401.2	8.5
401.7	8.4
402.1	8.0
402.6	7.9
403.1	8.4
403.6	8.3
404.1	7.8
404.6	7.7
405.1	8.1
405.5	8.1
406.0	7.8
406.5	8.0
407.0	8.4
407.5	8.2
408.0	7.4
408.4	7.3
408.9	7.7
409.4	7.8
409.9	7.3
410.4	7.3
410.9	7.5
411.3	7.4
411.8	7.0
412.3	7.1
412.8	7.6
413.3	7.4
413.8	7.1
414.2	7.1
414.7	7.3
415.2	7.2
415.7	7.0
416.2	7.2
416.7	7.7
417.2	7.7
417.6	7.4
418.1	7.4
418.6	7.6
419.1	7.4
419.6	7.0
420.1	7.0
420.5	7.3
421.0	7.4
421.5	7.2
422.0	7.2
422.5	7.3
423.0	7.3
423.4	7.2
423.9	7.5
424.4	7.9
424.9	7.8
425.4	7.3
425.9	7.3
426.3	7.9
426.8	8.1
427.3	7.7
427.8	7.6
428.3	8.0
428.8	8.1
429.3	7.9
429.7	8.0
430.2	8.3
430.7	8.2
431.2	7.9
431.7	7.9
432.2	8.2
432.6	8.3
433.1	8.0
433.6	8.2
434.1	8.9
434.6	8.8
435.1	8.0
435.5	8.2
436.0	9.1
436.5	9.2
437.0	9.1
437.5	9.2
438.0	9.5
438.5	9.6
438.9	9.4
439.4	9.7
439.9	10.2
440.4	10.3
440.9	10.1
441.4	10.3
441.8	10.8
442.3	11.0
442.8	11.0
443.3	11.4
443.8	12.0
444.3	12.4
444.7	12.5
445.2	13.3
445.7	14.4
446.2	15.0
446.7	15.3
447.2	16.1
447.6	17.2
448.1	18.0
448.6	18.6
449.1	19.8
449.6	21.3
450.1	22.3
450.6	23.1
451.0	24.5
451.5	26.1
452.0	27.4
452.5	28.5
453.0	30.1
453.5	31.9
453.9	33.2
454.4	34.2
454.9	35.3
455.4	36.4
455.9	37.2
456.4	37.8
456.8	38.7
457.3	39.4
457.8	39.6
458.3	39.4
458.8	39.2
459.3	39.3
459.7	38.9
460.2	38.3
460.7	37.6
461.2	36.8
461.7	35.7
462.2	34.4
462.7	33.0
463.1	32.1
463.6	30.7
464.1	29.3
464.6	28.1
465.1	27.3
465.6	26.1
466.0	24.7
466.5	23.8
467.0	23.6
467.5	22.7
468.0	21.7
468.5	21.1
468.9	21.0
469.4	20.4
469.9	19.3
470.4	18.6
470.9	18.5
471.4	18.1
471.9	17.5
472.3	17.0
472.8	16.9
473.3	16.5
473.8	15.7
474.3	15.2
474.8	15.3
475.2	14.9
475.7	14.4
476.2	14.2
476.7	14.3
477.2	14.0
477.7	13.4
478.1	13.0
478.6	13.0
479.1	12.8
479.6	12.5
480.1	12.3
480.6	12.3
481.0	12.0
481.5	11.5
482.0	11.4
482.5	11.6
483.0	11.5
483.5	11.2
484.0	11.2
484.4	11.3
484.9	11.2
485.4	10.9
485.9	10.9
486.4	11.1
486.9	11.0
487.3	10.7
487.8	10.9
488.3	11.4
488.8	11.2
489.3	10.6
489.8	10.6
490.2	11.2
490.7	11.1
491.2	10.7
491.7	10.6
492.2	10.9
492.7	10.9
493.1	10.5
493.6	10.5
494.1	10.8
494.6	10.8
495.1	10.5
495.6	10.6
496.1	10.9
496.5	11.0
497.0	10.9
497.5	11.3
498.0	11.8
498.5	12.0
499.0	11.9
499.4	12.2
499.9	12.6
500.4	12.7
500.9	12.6
501.4	12.8
501.9	13.3
502.3	13.6
502.8	13.6
503.3	14.3
503.8	15.2
504.3	15.3
504.8	15.1
505.2	15.5
505.7	16.5
506.2	17.1
506.7	17.3
507.2	17.8
507.7	18.6
508.2	19.1
508.6	19.4
509.1	20.2
509.6	21.0
510.1	21.6
510.6	21.9
511.1	22.7
511.5	23.7
512.0	24.6
512.5	25.3
513.0	26.5
513.5	27.8
514.0	28.9
514.4	29.7
514.9	31.2
515.4	32.8
515.9	33.8
516.4	34.3
516.9	34.9
517.4	35.5
517.8	35.6
518.3	35.7
518.8	36.1
519.3	36.7
519.8	37.2
520.3	37.6
520.7	38.1
521.2	38.6
521.7	39.0
522.2	39.5
522.7	40.2
523.2	41.0
523.6	41.8
524.1	42.5
524.6	43.5
525.1	44.5
525.6	45.1
526.1	45.6
526.5	46.5
527.0	47.3
527.5	47.8
528.0	47.9
528.5	48.2
529.0	48.7
529.5	48.8
529.9	48.8
530.4	48.8
530.9	48.8
531.4	48.7
531.9	48.4
532.4	48.2
532.8	48.1
533.3	47.9
533.8	47.6
534.3	47.4
534.8	47.2
535.3	46.9
535.7	46.4
536.2	46.1
536.7	46.0
537.2	45.7
537.7	45.2
538.2	44.8
538.6	44.4
539.1	43.8
539.6	43.0
540.1	42.5
540.6	42.3
541.1	41.8
541.6	41.0
542.0	40.2
542.5	39.6
543.0	38.9
543.5	38.1
544.0	37.3
544.5	36.8
544.9	35.9
545.4	35.2
545.9	34.6
546.4	34.2
546.9	33.6
547.4	32.8
547.8	32.2
548.3	32.0
548.8	31.4
549.3	30.6
549.8	29.9
550.3	29.4
550.8	28.6
551.2	27.6
551.7	27.0
552.2	26.7
552.7	26.2
553.2	25.4
553.7	24.6
554.1	23.9
554.6	23.3
555.1	22.6
555.6	22.0
556.1	21.7
556.6	21.2
557.0	20.5
557.5	19.9
558.0	19.5
558.5	18.9
559.0	18.2
559.5	17.8
559.9	17.8
560.4	17.3
560.9	16.6
561.4	16.1
561.9	16.0
562.4	15.7
562.9	15.1
563.3	14.7
563.8	14.7
564.3	14.4
564.8	14.0
565.3	13.7
565.8	13.5
566.2	13.1
566.7	12.7
567.2	12.4
567.7	12.4
568.2	12.3
568.7	12.0
569.1	11.7
569.6	11.6
570.1	11.4
570.6	11.1
571.1	11.0
571.6	11.0
572.0	10.7
572.5	10.5
573.0	10.4
573.5	10.4
574.0	10.3
574.5	10.2
575.0	10.1
575.4	10.1
575.9	10.0
576.4	9.8
576.9	9.8
577.4	9.9
577.9	9.9
578.3	9.7
578.8	9.7
579.3	9.8
579.8	9.8
580.3	9.8
580.8	9.9
581.2	10.1
581.7	10.1
582.2	10.0
582.7	10.0
583.2	10.3
583.7	10.4
584.2	10.4
584.6	10.4
585.1	10.5
585.6	10.5
586.1	10.5
586.6	10.7
587.1	11.0
587.5	10.9
588.0	10.8
588.5	11.0
589.0	11.2
589.5	11.4
590.0	11.5
590.4	11.7
590.9	12.0
591.4	12.1
591.9	12.3
592.4	12.6
592.9	13.0
593.3	13.0
593.8	13.0
594.3	13.0
594.8	13.2
595.3	13.0
595.8	12.9
596.3	12.9
596.7	13.2
597.2	13.4
597.7	13.7
598.2	14.0
598.7	14.3
599.2	14.4
599.6	14.5
600.1	14.9
600.6	15.8
601.1	17.8
601.6	23.3
602.1	30.4
602.5	33.5
603.0	32.5
603.5	29.8
604.0	26.8
604.5	25.0
605.0	25.9
605.4	34.4
605.9	49.9
606.4	58.6
606.9	58.5
607.4	56.0
607.9	48.4
608.4	38.2
608.8	30.8
609.3	25.2
609.8	22.6
610.3	21.9
610.8	21.5
611.3	21.3
611.7	21.3
612.2	21.3
612.7	21.1
613.2	20.6
613.7	20.5
614.2	20.7
614.6	20.7
615.1	20.8
615.6	21.3
616.1	22.1
616.6	22.7
617.1	23.1
617.5	23.7
618.0	24.4
618.5	24.8
619.0	25.7
619.5	28.0
620.0	31.5
620.5	39.0
620.9	55.8
621.4	78.2
621.9	95.3
622.4	100.0
622.9	94.5
623.4	86.2
623.8	72.7
624.3	58.1
624.8	56.2
625.3	67.4
625.8	77.8
626.3	80.2
626.7	76.4
627.2	65.7
627.7	50.1
628.2	36.5
628.7	25.7
629.2	19.8
629.7	17.0
630.1	14.4
630.6	12.8
631.1	12.0
631.6	11.9
632.1	11.4
632.6	10.9
633.0	11.1
633.5	11.6
634.0	11.7
634.5	11.6
635.0	11.8
635.5	13.3
635.9	16.5
636.4	23.3
636.9	29.8
637.4	30.8
637.9	30.1
638.4	26.6
638.8	21.2
639.3	17.0
639.8	14.5
640.3	12.9
640.8	12.4
641.3	12.3
641.8	11.7
642.2	11.3
642.7	10.9
643.2	10.6
643.7	10.1
644.2	9.6
644.7	9.4
645.1	9.5
645.6	9.3
646.1	8.9
646.6	8.6
647.1	8.4
647.6	8.2
648.0	7.8
648.5	7.8
649.0	7.9
649.5	7.8
650.0	7.6
650.5	7.5
650.9	7.4
651.4	7.3
651.9	7.1
652.4	7.1
652.9	7.3
653.4	7.2
653.9	7.1
654.3	7.2
654.8	7.4
655.3	7.5
655.8	7.5
656.3	7.6
656.8	7.9
657.2	8.0
657.7	8.0
658.2	7.8
658.7	7.7
659.2	7.4
659.7	7.3
660.1	7.3
660.6	7.5
661.1	7.4
661.6	7.2
662.1	7.1
662.6	7.3
663.1	7.3
663.5	7.1
664.0	7.1
664.5	7.3
665.0	7.2
665.5	7.1
666.0	7.1
666.4	7.1
666.9	7.0
667.4	6.8
667.9	6.8
668.4	7.0
668.9	7.1
669.3	7.1
669.8	7.1
670.3	7.2
670.8	7.1
671.3	7.1
671.8	7.2
672.2	7.2
672.7	7.1
673.2	7.0
673.7	7.0
674.2	7.1
674.7	7.1
675.2	6.9
675.6	6.8
676.1	6.7
676.6	6.6
677.1	6.6
677.6	6.7
678.1	6.8
678.5	6.7
679.0	6.5
679.5	6.6
680.0	6.8
680.5	6.6
681.0	6.4
681.4	6.4
681.9	6.7
682.4	6.7
682.9	6.4
683.4	6.4
683.9	6.7
684.3	6.7
684.8	6.4
685.3	6.4
685.8	6.5
686.3	6.3
686.8	5.8
687.3	5.7
687.7	6.0
688.2	6.0
688.7	5.8
689.2	5.8
689.7	5.8
690.2	5.8
690.6	5.9
691.1	6.0
691.6	6.2
692.1	6.2
692.6	6.0
693.1	6.0
693.5	6.1
694.0	6.1
694.5	6.0
695.0	6.0
695.5	6.2
696.0	6.0
696.5	6.0
696.9	6.0
697.4	6.1
697.9	6.0
698.4	5.8
698.9	5.8
699.4	5.9
699.8	5.9
700.3	5.9
700.8	6.0
701.3	6.0
701.8	5.9
702.3	5.8
702.7	5.8
703.2	6.0
703.7	5.9
704.2	5.7
704.7	5.7
705.2	5.8
705.6	5.7
706.1	5.6
706.6	5.5
707.1	5.6
707.6	5.6
708.1	5.6
708.6	5.8
709.0	5.9
709.5	5.8
710.0	5.6
710.5	5.7
711.0	5.9
711.5	5.9
711.9	5.9
712.4	5.9
712.9	5.8
713.4	5.5
713.9	5.3
714.4	5.3
714.8	5.6
715.3	5.4
715.8	5.2
716.3	5.1
716.8	5.3
717.3	5.1
717.7	4.9
718.2	4.9
718.7	5.3
719.2	5.1
719.7	4.9
720.2	5.0
720.7	5.3
721.1	5.2
721.6	4.8
722.1	5.0
722.6	5.5
723.1	5.5
723.6	5.3
724.0	5.1
724.5	5.3
725.0	5.4
725.5	5.5
726.0	5.7
726.5	5.9
726.9	5.7
727.4	5.5
727.9	5.4
728.4	5.4
728.9	5.3
729.4	5.2
729.9	5.2
730.3	5.3
730.8	5.2
731.3	5.1
731.8	5.2
732.3	5.3
732.8	5.2
733.2	4.9
733.7	4.8
734.2	5.0
734.7	5.2
735.2	5.1
735.7	5.2
736.1	5.2
736.6	5.1
737.1	4.9
737.6	5.1
738.1	5.5
738.6	5.3
739.0	5.2
739.5	5.3
740.0	5.5
740.5	5.5
741.0	5.2
741.5	5.1
742.0	5.3
742.4	5.3
742.9	5.3
743.4	5.3
743.9	5.4
744.4	5.4
744.9	5.2
745.3	5.3
745.8	5.4
746.3	5.2
746.8	5.0
747.3	5.2
747.8	5.5
748.2	5.5
748.7	5.3
749.2	5.4
749.7	5.7
750.2	5.4
750.7	5.0
751.1	4.8
751.6	4.9
752.1	5.0
752.6	4.8
753.1	4.9
753.6	5.2
754.1	5.2
754.5	5.1
755.0	5.1
755.5	5.2
756.0	5.1
756.5	4.8
757.0	4.9
757.4	5.3
757.9	5.2
758.4	5.0
758.9	5.1
759.4	5.4
759.9	5.4
760.3	5.4
760.8	5.4
761.3	5.5
761.8	5.3
762.3	5.1
762.8	5.1
763.2	5.3
763.7	5.4
764.2	5.3
764.7	5.2
765.2	5.2
765.7	5.0
766.2	4.8
766.6	4.7
767.1	4.8
767.6	4.7
768.1	4.5
768.6	4.6
769.1	4.7
769.5	4.7
770.0	4.7
770.5	4.8
771.0	4.8
771.5	4.8
772.0	4.7
772.4	4.9
772.9	5.1
773.4	5.2
773.9	5.1
774.4	5.1
774.9	5.1
775.4	5.0
775.8	4.9
776.3	5.0
776.8	5.2
777.3	5.2
777.8	5.1
778.3	5.2
778.7	5.4
779.2	5.3
779.7	5.1
780.2	4.9
780.7	4.9
781.2	4.9
781.6	4.8
782.1	4.8
782.6	5.0
783.1	4.9
783.6	4.6
784.1	4.7
784.5	5.0
785.0	5.1
785.5	4.9
786.0	4.9
786.5	4.8
787.0	4.6
787.5	4.4
787.9	4.6
788.4	5.0
788.9	5.1
789.4	5.0
789.9	5.1
790.4	5.3
790.8	5.0
791.3	4.7
791.8	4.6
792.3	4.9
792.8	5.0
793.3	4.8
793.7	4.9
794.2	5.1
794.7	4.8
795.2	4.4
795.7	4.4
796.2	4.7
796.6	4.6
797.1	4.5
797.6	4.6
798.1	4.9
798.6	4.8
799.1	4.6
799.6	4.6
800.0	4.8
800.5	4.7
801.0	4.6
801.5	4.7
802.0	4.8
802.5	4.8
802.9	4.7
803.4	4.6
803.9	4.7
804.4	4.5
804.9	4.4
805.4	4.4
805.8	4.5
806.3	4.5
806.8	4.4
807.3	4.5
807.8	4.7
808.3	4.5
808.8	4.5
809.2	4.5
809.7	4.6
810.2	4.6
810.7	4.5
811.2	4.6
811.7	4.8
812.1	4.6
812.6	4.6
813.1	4.7
813.6	4.7
814.1	4.5
814.6	4.2
815.0	4.1
815.5	4.3
816.0	4.3
816.5	4.1
817.0	4.3
817.5	4.7
817.9	4.6
818.4	4.3
818.9	4.4
819.4	4.8
819.9	4.9
820.4	4.6
820.9	4.5
821.3	4.6
821.8	4.5
822.3	4.4
822.8	4.5
823.3	4.9
823.8	4.8
824.2	4.6
824.7	4.5
825.2	4.5
825.7	4.5
826.2	4.5
826.7	4.7
827.1	4.9
827.6	4.7
828.1	4.7
828.6	4.7
829.1	4.8
829.6	4.7
830.0	4.6
830.5	4.7
831.0	5.0
831.5	4.9
832.0	4.8
832.5	4.7
833.0	4.5
833.4	4.4
833.9	4.3
834.4	4.4
834.9	4.6
835.4	4.5
835.9	4.3
836.3	4.4
836.8	4.8
837.3	4.8
837.8	4.6
838.3	4.7
838.8	4.9
839.2	5.0
839.7	4.9
840.2	4.9
840.7	5.0
841.2	5.0
841.7	5.0
842.2	5.1
842.6	5.2
843.1	5.1
843.6	5.0
844.1	5.0
844.6	5.0
845.1	5.1
845.5	5.1
846.0	5.2
846.5	5.4
847.0	5.2
847.5	5.1
848.0	5.1
848.4	5.3
848.9	5.4
849.4	5.2
849.9	5.2
850.4	5.4
850.9	5.1
851.3	4.9
851.8	5.0
852.3	5.2
852.8	5.1
853.3	5.0
853.8	5.1
854.3	5.4
854.7	5.4
855.2	5.3
855.7	5.4
856.2	5.7
856.7	5.7
857.2	5.6
857.6	5.6
858.1	5.9
858.6	5.8
859.1	5.8
859.6	5.8
860.1	5.8
860.5	5.7
861.0	5.6
861.5	5.7
862.0	5.9
862.5	5.8
863.0	5.7
863.4	5.7
863.9	5.8
864.4	5.9
864.9	5.8
865.4	5.9
865.9	6.0
866.4	5.8
866.8	5.7
867.3	5.7
867.8	5.8
868.3	5.8
868.8	5.6
869.3	5.6
869.7	5.9
870.2	5.7
870.7	5.4
871.2	5.3
871.7	5.5
872.2	5.4
872.6	5.1
873.1	5.0
873.6	5.1
874.1	5.0
874.6	4.9
875.1	4.8
875.5	4.8
876.0	4.8
876.5	4.7
877.0	4.7
877.5	4.8
878.0	4.7
878.5	4.7
878.9	4.8
879.4	4.8
879.9	4.7
880.4	4.6
880.9	4.7
881.4	4.8
881.8	4.9
882.3	4.9
882.8	4.9
883.3	4.8
883.8	4.7
884.3	4.5
884.7	4.6
885.2	4.8
885.7	4.7
886.2	4.6
886.7	4.6
887.2	4.6
887.7	4.5
888.1	4.4
888.6	4.6
889.1	4.8
889.6	4.6
890.1	4.5
890.6	4.5
891.0	4.6
891.5	4.6
892.0	4.5
892.5	4.5
893.0	4.7
893.5	4.6
893.9	4.4
894.4	4.3
894.9	4.4
895.4	4.3
895.9	4.2
896.4	4.3
896.8	4.6
897.3	4.5
897.8	4.3
898.3	4.3
898.8	4.4
899.3	4.3
899.8	4.1
900.2	4.1
900.7	4.3
901.2	4.3
901.7	4.1
902.2	4.0
902.7	4.0
903.1	4.0
903.6	4.0
904.1	4.2
904.6	4.4
905.1	4.4
905.6	4.3
906.0	4.3
906.5	4.4
907.0	4.3
907.5	4.0
908.0	4.0
908.5	4.1
908.9	4.2
909.4	4.2
909.9	4.3
910.4	4.4
910.9	4.3
911.4	4.1
911.9	4.0
912.3	4.2
912.8	4.2
913.3	4.1
913.8	4.1
914.3	4.1
914.8	4.0
915.2	3.8
915.7	3.9
916.2	4.1
916.7	4.0
917.2	3.8
917.7	3.9
918.1	4.1
918.6	4.2
919.1	4.1
919.6	4.1
920.1	4.3
920.6	4.2
921.1	4.2
921.5	4.3
922.0	4.3
922.5	4.2
923.0	4.1
923.5	4.1
924.0	4.2
924.4	4.2
924.9	4.0
925.4	4.0
925.9	4.0
926.4	3.9
926.9	3.9
927.3	3.9
927.8	4.0
928.3	3.9
928.8	3.9
929.3	4.0
929.8	4.1
930.2	4.0
930.7	3.8
931.2	3.7
931.7	3.8
932.2	3.8
932.7	3.9
933.2	4.1
933.6	4.2
934.1	4.0
934.6	3.9
935.1	3.9
935.6	4.1
936.1	4.1
936.5	4.0
937.0	4.0
937.5	4.0
938.0	3.9
938.5	3.7
939.0	3.7
939.4	3.8
939.9	3.8
940.4	3.8
940.9	3.8
941.4	3.9
941.9	4.0
942.3	4.0
942.8	4.1
943.3	4.3
943.8	4.1
944.3	4.0
944.8	4.0
945.3	4.0
945.7	4.0
946.2	3.9
946.7	4.0
947.2	4.1
947.7	3.9
948.2	3.9
948.6	3.9
949.1	4.0
949.6	3.9
950.1	3.8
950.6	3.9
951.1	4.0
951.5	4.0
952.0	3.9
952.5	3.9
953.0	4.0
953.5	3.9
954.0	3.8
954.5	3.9
954.9	4.2
955.4	4.1
955.9	4.1
956.4	4.1
956.9	4.2
957.4	4.2
957.8	4.1
958.3	4.1
958.8	4.3
959.3	4.2
959.8	4.1
960.3	4.2
960.7	4.4
961.2	4.4
961.7	4.2
962.2	4.2
962.7	4.5
963.2	4.5
963.6	4.5
964.1	4.4
964.6	4.4
965.1	4.2
965.6	4.1
966.1	4.2
966.6	4.4
967.0	4.5
967.5	4.4
968.0	4.4
968.5	4.4
969.0	4.3
969.5	4.2
969.9	4.2
970.4	4.4
970.9	4.3
971.4	4.3
971.9	4.3
972.4	4.5
972.8	4.5
973.3	4.4
973.8	4.4
974.3	4.5
974.8	4.4
975.3	4.3
975.7	4.3
976.2	4.5
976.7	4.5
977.2	4.5
977.7	4.5
978.2	4.6
978.7	4.4
979.1	4.4
979.6	4.5
980.1	4.6
980.6	4.6
981.1	4.6
981.6	4.6
982.0	4.7
982.5	4.6
983.0	4.6
983.5	4.6
984.0	4.7
984.5	4.7
984.9	4.6
985.4	4.6
985.9	4.8
986.4	4.7
986.9	4.7
987.4	4.7
987.9	4.7
988.3	4.6
988.8	4.6
989.3	4.7
989.8	4.8
990.3	4.8
990.8	4.7
991.2	4.6
991.7	4.7
992.2	4.7
992.7	4.7
993.2	4.8
993.7	4.9
994.1	4.7
994.6	4.6
995.1	4.6
995.6	4.6
996.1	4.6
996.6	4.5
997.0	4.5
997.5	4.7
998.0	4.7
998.5	4.5
999.0	4.6
999.5	4.8
1000.0	4.8
1000.4	4.7
1000.9	4.8
1001.4	5.1
1001.9	5.0
1002.4	4.9
1002.9	5.0
1003.3	5.1
1003.8	5.1
1004.3	4.9
1004.8	4.9
1005.3	5.1
1005.8	5.2
1006.2	5.2
1006.7	5.2
1007.2	5.2
1007.7	5.1
1008.2	5.1
1008.7	5.1
1009.1	5.3
1009.6	5.2
1010.1	5.1
1010.6	5.2
1011.1	5.3
1011.6	5.3
1012.1	5.1
1012.5	5.2
1013.0	5.4
1013.5	5.4
1014.0	5.3
1014.5	5.4
1015.0	5.5
1015.4	5.4
1015.9	5.1
1016.4	5.1
1016.9	5.3
1017.4	5.1
1017.9	4.9
1018.3	5.0
1018.8	5.2
1019.3	5.1
1019.8	4.8
1020.3	4.7
1020.8	4.9
1021.3	4.7
1021.7	4.6
1022.2	4.7
1022.7	4.8
1023.2	4.8
1023.7	4.6
1024.2	4.6
1024.6	4.8
1025.1	4.7
1025.6	4.6
1026.1	4.6
1026.6	4.7
1027.1	4.7
1027.5	4.7
1028.0	4.7
1028.5	4.9
1029.0	4.7
1029.5	4.5
1030.0	4.6
1030.4	4.7
1030.9	4.7
1031.4	4.5
1031.9	4.5
1032.4	4.6
1032.9	4.5
1033.4	4.5
1033.8	4.5
1034.3	4.6
1034.8	4.5
1035.3	4.5
1035.8	4.5
1036.3	4.7
1036.7	4.7
1037.2	4.6
1037.7	4.6
1038.2	4.6
1038.7	4.4
1039.2	4.3
1039.6	4.3
1040.1	4.5
1040.6	4.5
1041.1	4.4
1041.6	4.3
1042.1	4.3
1042.5	4.3
1043.0	4.2
1043.5	4.2
1044.0	4.2
1044.5	4.1
1045.0	4.0
1045.5	4.1
1045.9	4.1
1046.4	4.1
1046.9	4.1
1047.4	4.2
1047.9	4.3
1048.4	4.1
1048.8	4.0
1049.3	4.1
1049.8	4.3
1050.3	4.4
1050.8	4.3
1051.3	4.4
1051.7	4.4
1052.2	4.4
1052.7	4.3
1053.2	4.4
1053.7	4.5
1054.2	4.4
1054.6	4.2
1055.1	4.1
1055.6	4.2
1056.1	4.3
1056.6	4.2
1057.1	4.3
1057.6	4.3
1058.0	4.1
1058.5	3.8
1059.0	3.8
1059.5	4.0
1060.0	4.1
1060.5	4.0
1060.9	4.0
1061.4	4.1
1061.9	4.0
1062.4	3.8
1062.9	3.9
1063.4	4.1
1063.8	4.1
1064.3	4.0
1064.8	4.1
1065.3	4.1
1065.8	4.0
1066.3	3.9
1066.8	4.0
1067.2	4.2
1067.7	4.0
1068.2	3.9
1068.7	3.8
1069.2	3.9
1069.7	3.8
1070.1	3.7
1070.6	3.7
1071.1	3.8
1071.6	3.7
1072.1	3.6
1072.6	3.7
1073.0	3.8
1073.5	3.8
1074.0	3.7
1074.5	3.7
1075.0	3.9
1075.5	3.8
1075.9	3.7
1076.4	3.6
1076.9	3.7
1077.4	3.6
1077.9	3.6
1078.4	3.6
1078.9	3.8
1079.3	3.6
1079.8	3.6
1080.3	3.6
1080.8	3.7
1081.3	3.7
1081.8	3.7
1082.2	3.8
1082.7	4.0
1083.2	3.9
1083.7	3.8
1084.2	3.8
1084.7	3.8
1085.1	3.7
1085.6	3.7
1086.1	3.7
1086.6	3.9
1087.1	3.6
1087.6	3.6
1088.0	3.6
1088.5	3.8
1089.0	3.7
1089.5	3.7
1090.0	3.7
1090.5	3.8
1091.0	3.9
1091.4	3.9
1091.9	4.0
1092.4	3.9
1092.9	3.8
1093.4	3.6
1093.9	3.7
1094.3	3.9
1094.8	3.9
1095.3	3.9
1095.8	3.9
1096.3	3.8
1096.8	3.8
1097.2	3.8
1097.7	4.0
1098.2	4.2
1098.7	4.0
1099.2	3.8
1099.7	3.8
1100.2	3.8
1100.6	3.7
1101.1	3.6
1101.6	3.7
1102.1	3.8
1102.6	3.7
1103.1	3.6
1103.5	3.6
1104.0	3.7
1104.5	3.7
1105.0	3.5
1105.5	3.4
1106.0	3.5
1106.4	3.4
1106.9	3.3
1107.4	3.3
1107.9	3.4
1108.4	3.4
1108.9	3.4
1109.3	3.5
1109.8	3.6
1110.3	3.4
1110.8	3.4
1111.3	3.5
1111.8	3.6
1112.3	3.7
1112.7	3.6
1113.2	3.7
1113.7	3.8
1114.2	3.6
1114.7	3.5
1115.2	3.6
1115.6	3.7
1116.1	3.7
1116.6	3.5
1117.1	3.6
1117.6	3.7
1118.1	3.7
1118.5	3.7
1119.0	3.7
1119.5	3.7
1120.0	3.7
1120.5	3.6
1121.0	3.7
1121.4	3.9
1121.9	3.7
1122.4	3.6
1122.9	3.6
1123.4	3.6
1123.9	3.6
1124.4	3.5
1124.8	3.6
1125.3	3.7
1125.8	3.7
1126.3	3.7
1126.8	3.8
1127.3	3.8
1127.7	3.7
1128.2	3.6
1128.7	3.7
1129.2	3.8
1129.7	3.8
1130.2	3.8
1130.6	3.8
1131.1	3.8
1131.6	3.8
1132.1	3.8
1132.6	3.9
1133.1	4.0
1133.6	3.8
1134.0	3.7
1134.5	3.8
1135.0	3.8
1135.5	3.8
1136.0	3.8
1136.5	3.8
1136.9	3.9
1137.4	3.8
1137.9	3.6
1138.4	3.6
1138.9	3.7
1139.4	3.7
1139.8	3.6
1140.3	3.6
1140.8	3.7
1141.3	3.8
1141.8	3.8
1142.3	3.7
1142.7	3.6
1143.2	3.6
1143.7	3.5
1144.2	3.5
1144.7	3.6
1145.2	3.6
1145.7	3.5
1146.1	3.6
1146.6	3.6
1147.1	3.5
1147.6	3.5
1148.1	3.6
1148.6	3.7
1149.0	3.6
1149.5	3.6
1150.0	3.5
1150.5	3.6
1151.0	3.6
1151.5	3.6
1151.9	3.7
1152.4	3.7
1152.9	3.6
1153.4	3.6
1153.9	3.6
1154.4	3.7
1154.8	3.6
1155.3	3.6
1155.8	3.7
1156.3	3.9
1156.8	3.9
1157.3	3.8
1157.8	3.9
1158.2	4.0
1158.7	4.1
1159.2	4.1
1159.7	4.1
1160.2	4.2
1160.7	4.0
1161.1	3.8
1161.6	3.7
1162.1	3.7
1162.6	3.8
1163.1	3.8
1163.6	3.9
1164.0	4.1
1164.5	4.0
1165.0	4.0
1165.5	4.2
1166.0	4.5
1166.5	4.4
1167.0	4.3
1167.4	4.3
1167.9	4.5
1168.4	4.5
1168.9	4.4
1169.4	4.3
1169.9	4.3
1170.3	4.2
1170.8	4.0
1171.3	3.9
1171.8	3.9
1172.3	3.8
1172.8	3.7
1173.2	3.7
1173.7	3.7
1174.2	3.6
1174.7	3.5
1175.2	3.5
1175.7	3.6
1176.1	3.5
1176.6	3.4
1177.1	3.4
1177.6	3.4
1178.1	3.4
1178.6	3.4
1179.1	3.3
1179.5	3.5
1180.0	3.4
1180.5	3.4
1181.0	3.4
1181.5	3.3
1182.0	3.3
1182.4	3.2
1182.9	3.3
1183.4	3.4
1183.9	3.4
1184.4	3.4
1184.9	3.5
1185.3	3.5
1185.8	3.5
1186.3	3.4
1186.8	3.5
1187.3	3.6
1187.8	3.5
1188.2	3.5
1188.7	3.5
1189.2	3.6
1189.7	3.6
1190.2	3.6
1190.7	3.7
1191.2	3.8
1191.6	3.6
1192.1	3.4
1192.6	3.4
1193.1	3.4
1193.6	3.2
1194.1	3.2
1194.5	3.2
1195.0	3.3
1195.5	3.3
1196.0	3.1
1196.5	3.2
1197.0	3.2
1197.4	3.3
1197.9	3.4
1198.4	3.5
1198.9	3.7
