270.0	11.1
270.5	11.6
271.0	11.8
271.5	12.2
271.9	12.2
272.4	11.8
272.9	11.8
273.4	12.2
273.9	12.0
274.4	11.5
274.8	11.6
275.3	12.0
275.8	11.9
276.3	11.3
276.8	11.2
277.3	11.6
277.7	11.6
278.2	11.4
278.7	11.6
279.2	12.0
279.7	11.8
280.2	11.2
280.6	11.1
281.1	11.5
281.6	11.3
282.1	10.9
282.6	11.0
283.1	11.5
283.6	11.5
284.0	11.0
284.5	10.9
285.0	11.3
285.5	11.3
286.0	10.8
286.5	10.7
286.9	10.9
287.4	10.7
287.9	10.2
288.4	10.3
288.9	10.9
289.4	10.8
289.8	10.4
290.3	10.4
290.8	10.9
291.3	10.8
291.8	10.4
292.3	10.4
292.8	10.9
293.2	10.7
293.7	10.2
294.2	10.2
294.7	10.5
295.2	10.4
295.7	9.9
296.1	10.0
296.6	10.5
297.1	10.4
297.6	10.1
298.1	10.2
298.6	10.4
299.0	10.3
299.5	9.8
300.0	9.8
300.5	10.2
301.0	10.2
301.5	9.7
301.9	9.8
302.4	10.3
302.9	10.1
303.4	9.6
303.9	9.6
304.4	10.2
304.9	10.2
305.3	9.8
305.8	9.7
306.3	10.1
306.8	10.1
307.3	9.7
307.8	9.7
308.2	10.0
308.7	10.0
309.2	9.5
309.7	9.6
310.2	10.2
310.7	10.0
311.1	9.3
311.6	9.2
312.1	9.8
312.6	9.7
313.1	9.5
313.6	9.6
314.0	10.0
314.5	9.9
315.0	9.4
315.5	9.3
316.0	9.6
316.5	9.7
317.0	9.3
317.4	9.1
317.9	9.3
318.4	9.2
318.9	9.1
319.4	9.3
319.9	9.7
320.3	9.6
320.8	9.4
321.3	9.5
321.8	9.8
322.3	9.9
322.8	9.6
323.2	9.5
323.7	9.7
324.2	9.6
324.7	9.3
325.2	9.3
325.7	9.5
326.2	9.4
326.6	9.0
327.1	9.0
327.6	9.3
328.1	9.2
328.6	8.8
329.1	8.8
329.5	9.2
330.0	9.3
330.5	9.0
331.0	9.1
331.5	9.4
332.0	9.3
332.4	9.0
332.9	9.1
333.4	9.5
333.9	9.4
334.4	9.0
334.9	9.0
335.3	9.6
335.8	9.5
336.3	9.0
336.8	9.0
337.3	9.6
337.8	9.6
338.3	9.1
338.7	9.2
339.2	9.6
339.7	9.5
340.2	9.3
340.7	9.4
341.2	9.6
341.6	9.5
342.1	9.2
342.6	9.1
343.1	9.4
343.6	9.5
344.1	9.3
344.5	9.5
345.0	9.8
345.5	9.4
346.0	8.6
346.5	8.5
347.0	8.9
347.4	9.1
347.9	8.8
348.4	9.0
348.9	9.3
349.4	9.1
349.9	8.7
350.4	8.8
350.8	9.3
351.3	9.2
351.8	8.7
352.3	8.7
352.8	9.2
353.3	9.2
353.7	8.7
354.2	8.6
354.7	9.1
355.2	9.0
355.7	8.7
356.2	8.6
356.6	8.7
357.1	8.6
357.6	8.3
358.1	8.7
358.6	9.3
359.1	9.3
359.5	8.8
360.0	8.6
360.5	8.8
361.0	8.8
361.5	8.4
362.0	8.5
362.5	8.9
362.9	8.8
363.4	8.4
363.9	8.4
364.4	8.6
364.9	8.5
365.4	8.2
365.8	8.3
366.3	8.8
366.8	8.8
367.3	8.3
367.8	8.2
368.3	8.6
368.7	8.7
369.2	8.4
369.7	8.4
370.2	8.7
370.7	8.6
371.2	8.1
371.7	8.1
372.1	8.7
372.6	8.6
373.1	7.9
373.6	8.0
374.1	8.7
374.6	8.6
375.0	8.2
375.5	8.1
376.0	8.3
376.5	8.4
377.0	8.1
377.5	8.1
377.9	8.4
378.4	8.3
378.9	7.9
379.4	8.0
379.9	8.3
380.4	8.3
380.8	7.8
381.3	7.9
381.8	8.3
382.3	8.3
382.8	8.1
383.3	8.1
383.8	8.3
384.2	8.2
384.7	8.0
385.2	8.1
385.7	8.4
386.2	8.4
386.7	8.2
387.1	8.3
387.6	8.5
388.1	8.1
388.6	7.5
389.1	7.5
389.6	8.0
390.0	8.0
390.5	7.6
391.0	7.7
391.5	8.2
392.0	8.0
392.5	7.4
392.9	7.6
393.4	8.3
393.9	8.3
394.4	7.9
394.9	7.9
395.4	8.2
395.9	8.3
396.3	7.9
396.8	7.9
397.3	8.3
397.8	8.3
398.3	8.2
398.8	8.3
399.2	8.5
399.7	8.3
400.2	7.9
400.7	7.9
401.2	8.2
401.7	8.1
402.1	7.7
402.6	7.7
403.1	8.1
403.6	8.0
404.1	7.5
404.6	7.5
405.1	8.0
405.5	7.9
406.0	7.6
406.5	7.8
407.0	8.3
407.5	8.0
408.0	7.2
408.4	7.1
408.9	7.6
409.4	7.6
409.9	7.2
410.4	7.1
410.9	7.4
411.3	7.2
411.8	6.9
412.3	7.0
412.8	7.5
413.3	7.4
413.8	7.1
414.2	7.1
414.7	7.3
415.2	7.2
415.7	6.9
416.2	7.1
416.7	7.7
417.2	7.7
417.6	7.3
418.1	7.3
418.6	7.5
419.1	7.4
419.6	7.0
420.1	6.9
420.5	7.1
421.0	7.3
421.5	7.2
422.0	7.2
422.5	7.3
423.0	7.3
423.4	7.2
423.9	7.5
424.4	7.8
424.9	7.7
425.4	7.3
425.9	7.4
426.3	7.9
426.8	8.0
427.3	7.6
427.8	7.6
428.3	8.0
428.8	7.8
429.3	7.7
429.7	7.8
430.2	8.1
430.7	8.0
431.2	7.8
431.7	7.8
432.2	8.2
432.6	8.3
433.1	7.9
433.6	8.2
434.1	8.9
434.6	8.7
435.1	8.0
435.5	8.1
436.0	9.0
436.5	9.2
437.0	9.0
437.5	9.2
438.0	9.4
438.5	9.5
438.9	9.4
439.4	9.7
439.9	10.2
440.4	10.2
440.9	10.0
441.4	10.2
441.8	10.8
442.3	11.0
442.8	11.0
443.3	11.3
443.8	12.0
444.3	12.3
444.7	12.6
445.2	13.3
445.7	14.3
446.2	14.9
446.7	15.3
447.2	16.2
447.6	17.2
448.1	18.2
448.6	18.8
449.1	19.9
449.6	21.4
450.1	22.5
450.6	23.3
451.0	24.5
451.5	26.1
452.0	27.4
452.5	28.5
453.0	30.0
453.5	31.7
453.9	33.0
454.4	34.0
454.9	35.1
455.4	36.2
455.9	37.1
456.4	37.7
456.8	38.6
457.3	39.3
457.8	39.5
458.3	39.3
458.8	39.2
459.3	39.3
459.7	39.0
460.2	38.4
460.7	37.7
461.2	36.9
461.7	35.9
462.2	34.7
462.7	33.5
463.1	32.5
463.6	31.3
464.1	29.9
464.6	28.6
465.1	27.7
465.6	26.5
466.0	25.0
466.5	24.1
467.0	23.7
467.5	22.8
468.0	21.9
468.5	21.3
468.9	21.1
469.4	20.5
469.9	19.4
470.4	18.8
470.9	18.7
471.4	18.1
471.9	17.5
472.3	17.2
472.8	17.0
473.3	16.5
473.8	15.7
474.3	15.2
474.8	15.2
475.2	14.9
475.7	14.4
476.2	14.2
476.7	14.1
477.2	13.8
477.7	13.2
478.1	12.9
478.6	12.9
479.1	12.7
479.6	12.4
480.1	12.3
480.6	12.3
481.0	11.9
481.5	11.5
482.0	11.4
482.5	11.6
483.0	11.4
483.5	11.2
484.0	11.2
484.4	11.2
484.9	11.1
485.4	11.0
485.9	10.9
486.4	11.0
486.9	10.9
487.3	10.7
487.8	10.8
488.3	11.2
488.8	11.1
489.3	10.6
489.8	10.7
490.2	11.1
490.7	11.0
491.2	10.6
491.7	10.5
492.2	10.7
492.7	10.7
493.1	10.5
493.6	10.5
494.1	10.8
494.6	10.7
495.1	10.5
495.6	10.6
496.1	10.9
496.5	10.9
497.0	10.8
497.5	11.1
498.0	11.7
498.5	11.8
499.0	11.8
499.4	12.1
499.9	12.4
500.4	12.5
500.9	12.5
501.4	12.8
501.9	13.3
502.3	13.6
502.8	13.7
503.3	14.2
503.8	15.0
504.3	15.2
504.8	15.1
505.2	15.6
505.7	16.6
506.2	17.1
506.7	17.2
507.2	17.8
507.7	18.6
508.2	19.2
508.6	19.5
509.1	20.2
509.6	21.0
510.1	21.6
510.6	21.9
511.1	22.7
511.5	23.8
512.0	24.7
512.5	25.5
513.0	26.7
513.5	28.0
514.0	29.1
514.4	30.0
514.9	31.5
515.4	32.9
515.9	33.9
516.4	34.5
516.9	35.1
517.4	35.6
517.8	35.8
518.3	35.8
518.8	36.2
519.3	36.8
519.8	37.3
520.3	37.7
520.7	38.2
521.2	38.7
521.7	39.1
522.2	39.5
522.7	40.2
523.2	41.1
523.6	41.9
524.1	42.5
524.6	43.4
525.1	44.4
525.6	45.1
526.1	45.7
526.5	46.7
527.0	47.5
527.5	47.9
528.0	48.0
528.5	48.3
529.0	48.8
529.5	49.0
529.9	48.9
530.4	48.9
530.9	49.0
531.4	49.0
531.9	48.8
532.4	48.6
532.8	48.5
533.3	48.2
533.8	47.8
534.3	47.7
534.8	47.6
535.3	47.3
535.7	46.8
536.2	46.5
536.7	46.5
537.2	46.1
537.7	45.7
538.2	45.2
538.6	44.8
539.1	44.1
539.6	43.2
540.1	42.6
540.6	42.3
541.1	41.9
541.6	41.1
542.0	40.4
542.5	39.8
543.0	39.1
543.5	38.2
544.0	37.4
544.5	36.9
544.9	36.1
545.4	35.2
545.9	34.5
546.4	34.1
546.9	33.6
547.4	32.8
547.8	32.2
548.3	32.0
548.8	31.4
549.3	30.7
549.8	30.0
550.3	29.5
550.8	28.7
551.2	27.8
551.7	27.1
552.2	26.8
552.7	26.3
553.2	25.5
553.7	24.7
554.1	24.1
554.6	23.4
555.1	22.7
555.6	22.1
556.1	21.8
556.6	21.3
557.0	20.7
557.5	20.1
558.0	19.6
558.5	19.0
559.0	18.4
559.5	18.0
559.9	17.9
560.4	17.4
560.9	16.8
561.4	16.3
561.9	16.0
562.4	15.7
562.9	15.2
563.3	14.8
563.8	14.8
564.3	14.5
564.8	14.0
565.3	13.7
565.8	13.5
566.2	13.2
566.7	12.7
567.2	12.5
567.7	12.5
568.2	12.3
568.7	12.0
569.1	11.8
569.6	11.6
570.1	11.4
570.6	11.1
571.1	10.9
571.6	11.0
572.0	10.8
572.5	10.5
573.0	10.4
573.5	10.4
574.0	10.3
574.5	10.2
575.0	10.1
575.4	10.1
575.9	9.9
576.4	9.8
576.9	9.7
577.4	9.8
577.9	9.8
578.3	9.7
578.8	9.7
579.3	9.8
579.8	9.8
580.3	9.7
580.8	9.9
581.2	10.1
581.7	10.1
582.2	9.9
582.7	10.1
583.2	10.4
583.7	10.4
584.2	10.3
584.6	10.3
585.1	10.5
585.6	10.5
586.1	10.5
586.6	10.6
587.1	10.9
587.5	10.9
588.0	10.9
588.5	11.0
589.0	11.3
589.5	11.4
590.0	11.4
590.4	11.7
590.9	12.0
591.4	12.0
591.9	12.3
592.4	12.7
592.9	13.0
593.3	13.1
593.8	13.0
594.3	13.0
594.8	13.2
595.3	13.0
595.8	12.9
596.3	13.0
596.7	13.2
597.2	13.4
597.7	13.6
598.2	13.9
598.7	14.3
599.2	14.4
599.6	14.6
600.1	14.9
600.6	15.7
601.1	17.9
601.6	23.5
602.1	30.6
602.5	33.9
603.0	32.7
603.5	30.2
604.0	27.2
604.5	25.4
605.0	26.4
605.4	34.9
605.9	50.5
606.4	59.5
606.9	58.9
607.4	56.7
607.9	48.8
608.4	38.2
608.8	30.8
609.3	25.2
609.8	22.5
610.3	21.8
610.8	21.5
611.3	21.3
611.7	21.3
612.2	21.3
612.7	21.0
613.2	20.6
613.7	20.5
614.2	20.7
614.6	20.8
615.1	20.8
615.6	21.2
616.1	22.0
616.6	22.6
617.1	23.0
617.5	23.6
618.0	24.3
618.5	24.8
619.0	25.5
619.5	27.9
620.0	31.5
620.5	39.2
620.9	55.6
621.4	78.1
621.9	95.5
622.4	100.0
622.9	94.6
623.4	86.3
623.8	72.8
624.3	58.1
624.8	56.4
625.3	67.7
625.8	78.1
626.3	80.3
626.7	76.7
627.2	65.9
627.7	50.3
628.2	36.7
628.7	25.6
629.2	19.9
629.7	16.9
630.1	14.4
630.6	12.9
631.1	12.0
631.6	11.8
632.1	11.4
632.6	10.9
633.0	11.1
633.5	11.7
634.0	11.7
634.5	11.6
635.0	11.8
635.5	13.2
635.9	16.6
636.4	23.3
636.9	29.7
637.4	30.7
637.9	30.1
638.4	26.8
638.8	21.1
639.3	17.0
639.8	14.4
640.3	12.7
640.8	12.4
641.3	12.4
641.8	11.7
642.2	11.2
642.7	10.8
643.2	10.5
643.7	10.0
644.2	9.5
644.7	9.3
645.1	9.4
645.6	9.2
646.1	8.8
646.6	8.5
647.1	8.4
647.6	8.2
648.0	7.8
648.5	7.6
649.0	7.8
649.5	7.7
650.0	7.5
650.5	7.4
650.9	7.4
651.4	7.3
651.9	7.1
652.4	7.1
652.9	7.3
653.4	7.2
653.9	7.2
654.3	7.3
654.8	7.5
655.3	7.5
655.8	7.5
656.3	7.6
656.8	7.8
657.2	8.0
657.7	7.9
658.2	7.9
658.7	7.8
659.2	7.5
659.7	7.3
660.1	7.3
660.6	7.4
661.1	7.3
661.6	7.1
662.1	7.0
662.6	7.1
663.1	7.2
663.5	7.0
664.0	7.1
664.5	7.3
665.0	7.2
665.5	7.0
666.0	6.9
666.4	7.0
666.9	7.0
667.4	6.8
667.9	6.7
668.4	6.8
668.9	6.9
669.3	7.0
669.8	7.1
670.3	7.1
670.8	7.1
671.3	7.1
671.8	7.1
672.2	7.2
672.7	7.0
673.2	6.9
673.7	6.9
674.2	7.1
674.7	7.1
675.2	6.8
675.6	6.6
676.1	6.6
676.6	6.6
677.1	6.5
677.6	6.6
678.1	6.7
678.5	6.6
679.0	6.5
679.5	6.5
680.0	6.7
680.5	6.6
681.0	6.3
681.4	6.4
681.9	6.5
682.4	6.4
682.9	6.2
683.4	6.2
683.9	6.5
684.3	6.5
684.8	6.3
685.3	6.3
685.8	6.4
686.3	6.2
686.8	5.8
687.3	5.7
687.7	5.9
688.2	5.8
688.7	5.6
689.2	5.6
689.7	5.7
690.2	5.8
690.6	5.8
691.1	5.9
691.6	6.2
692.1	6.1
692.6	5.9
693.1	5.9
693.5	6.1
694.0	6.1
694.5	5.9
695.0	5.9
695.5	6.1
696.0	6.0
696.5	5.9
696.9	5.9
697.4	6.0
697.9	5.9
698.4	5.7
698.9	5.7
699.4	5.8
699.8	5.8
700.3	5.8
700.8	5.9
701.3	6.0
701.8	5.9
702.3	5.8
702.7	5.8
703.2	6.0
703.7	5.9
704.2	5.6
704.7	5.5
705.2	5.6
705.6	5.6
706.1	5.4
706.6	5.4
707.1	5.5
707.6	5.5
708.1	5.5
708.6	5.7
709.0	5.9
709.5	5.8
710.0	5.6
710.5	5.6
711.0	5.8
711.5	5.9
711.9	5.8
712.4	5.8
712.9	5.7
713.4	5.4
713.9	5.2
714.4	5.1
714.8	5.4
715.3	5.4
715.8	5.2
716.3	5.1
716.8	5.2
717.3	5.1
717.7	4.8
718.2	4.8
718.7	5.1
719.2	5.0
719.7	4.7
720.2	4.8
720.7	5.1
721.1	5.1
721.6	4.8
722.1	4.9
722.6	5.4
723.1	5.4
723.6	5.2
724.0	5.1
724.5	5.2
725.0	5.3
725.5	5.4
726.0	5.5
726.5	5.7
726.9	5.5
727.4	5.3
727.9	5.3
728.4	5.5
728.9	5.4
729.4	5.1
729.9	5.1
730.3	5.3
730.8	5.2
731.3	5.1
731.8	5.2
732.3	5.3
732.8	5.1
733.2	4.8
733.7	4.9
734.2	5.1
734.7	5.1
735.2	5.1
735.7	5.1
736.1	5.2
736.6	5.0
737.1	4.8
737.6	5.0
738.1	5.4
738.6	5.3
739.0	5.2
739.5	5.2
740.0	5.4
740.5	5.3
741.0	5.1
741.5	5.1
742.0	5.2
742.4	5.2
742.9	5.1
743.4	5.2
743.9	5.3
744.4	5.2
744.9	5.1
745.3	5.1
745.8	5.3
746.3	5.2
746.8	5.0
747.3	5.1
747.8	5.5
748.2	5.5
748.7	5.3
749.2	5.3
749.7	5.6
750.2	5.2
750.7	4.8
751.1	4.6
751.6	4.8
752.1	4.8
752.6	4.7
753.1	4.8
753.6	5.1
754.1	5.1
754.5	5.0
755.0	5.0
755.5	5.2
756.0	5.1
756.5	4.8
757.0	4.9
757.4	5.1
757.9	5.1
758.4	4.9
758.9	5.0
759.4	5.3
759.9	5.3
760.3	5.2
760.8	5.2
761.3	5.4
761.8	5.3
762.3	5.1
762.8	5.1
763.2	5.3
763.7	5.4
764.2	5.3
764.7	5.2
765.2	5.2
765.7	4.9
766.2	4.8
766.6	4.7
767.1	4.7
767.6	4.6
768.1	4.5
768.6	4.5
769.1	4.7
769.5	4.6
770.0	4.6
770.5	4.7
771.0	4.7
771.5	4.6
772.0	4.6
772.4	4.8
772.9	5.0
773.4	5.0
773.9	5.0
774.4	4.9
774.9	4.9
775.4	4.8
775.8	4.7
776.3	4.8
776.8	5.1
777.3	5.0
777.8	5.0
778.3	5.1
778.7	5.3
779.2	5.2
779.7	4.9
780.2	4.8
780.7	4.8
781.2	4.7
781.6	4.6
782.1	4.7
782.6	4.9
783.1	4.7
783.6	4.5
784.1	4.6
784.5	4.9
785.0	5.0
785.5	4.8
786.0	4.7
786.5	4.7
787.0	4.6
787.5	4.4
787.9	4.6
788.4	5.0
788.9	5.0
789.4	4.9
789.9	5.0
790.4	5.2
790.8	5.0
791.3	4.5
791.8	4.5
792.3	4.7
792.8	4.8
793.3	4.7
793.7	4.8
794.2	5.0
794.7	4.8
795.2	4.3
795.7	4.3
796.2	4.6
796.6	4.6
797.1	4.5
797.6	4.6
798.1	4.8
798.6	4.8
799.1	4.6
799.6	4.6
800.0	4.9
800.5	4.7
801.0	4.5
801.5	4.6
802.0	4.7
802.5	4.8
802.9	4.6
803.4	4.5
803.9	4.6
804.4	4.4
804.9	4.4
805.4	4.4
805.8	4.4
806.3	4.4
806.8	4.3
807.3	4.4
807.8	4.6
808.3	4.5
808.8	4.4
809.2	4.4
809.7	4.5
810.2	4.5
810.7	4.4
811.2	4.6
811.7	4.7
812.1	4.5
812.6	4.5
813.1	4.6
813.6	4.6
814.1	4.5
814.6	4.2
815.0	4.1
815.5	4.3
816.0	4.2
816.5	4.1
817.0	4.3
817.5	4.6
817.9	4.6
818.4	4.3
818.9	4.3
819.4	4.6
819.9	4.7
820.4	4.5
820.9	4.4
821.3	4.5
821.8	4.4
822.3	4.4
822.8	4.5
823.3	4.7
823.8	4.6
824.2	4.5
824.7	4.5
825.2	4.5
825.7	4.5
826.2	4.5
826.7	4.6
827.1	4.7
827.6	4.7
828.1	4.7
828.6	4.7
829.1	4.7
829.6	4.6
830.0	4.5
830.5	4.7
831.0	4.9
831.5	4.7
832.0	4.6
832.5	4.5
833.0	4.5
833.4	4.4
833.9	4.3
834.4	4.3
834.9	4.5
835.4	4.4
835.9	4.3
836.3	4.4
836.8	4.7
837.3	4.7
837.8	4.6
838.3	4.6
838.8	4.9
839.2	4.9
839.7	4.8
840.2	4.9
840.7	4.9
841.2	4.9
841.7	4.9
842.2	5.0
842.6	5.2
843.1	5.0
843.6	4.9
844.1	5.0
844.6	5.1
845.1	5.0
845.5	5.0
846.0	5.0
846.5	5.2
847.0	5.0
847.5	4.9
848.0	5.0
848.4	5.1
848.9	5.2
849.4	5.1
849.9	5.2
850.4	5.3
850.9	5.1
851.3	4.9
851.8	4.9
852.3	5.1
852.8	5.1
853.3	5.0
853.8	5.1
854.3	5.3
854.7	5.3
855.2	5.2
855.7	5.3
856.2	5.6
856.7	5.6
857.2	5.5
857.6	5.6
858.1	5.9
858.6	5.8
859.1	5.7
859.6	5.7
860.1	5.7
860.5	5.6
861.0	5.5
861.5	5.6
862.0	5.9
862.5	5.8
863.0	5.7
863.4	5.7
863.9	5.8
864.4	5.8
864.9	5.7
865.4	5.8
865.9	5.9
866.4	5.7
866.8	5.6
867.3	5.6
867.8	5.7
868.3	5.7
868.8	5.5
869.3	5.5
869.7	5.7
870.2	5.5
870.7	5.3
871.2	5.3
871.7	5.4
872.2	5.3
872.6	5.1
873.1	5.1
873.6	5.1
874.1	4.9
874.6	4.8
875.1	4.8
875.5	4.7
876.0	4.7
876.5	4.6
877.0	4.7
877.5	4.7
878.0	4.6
878.5	4.6
878.9	4.6
879.4	4.7
879.9	4.7
880.4	4.6
880.9	4.6
881.4	4.7
881.8	4.9
882.3	4.8
882.8	4.9
883.3	4.8
883.8	4.7
884.3	4.6
884.7	4.6
885.2	4.8
885.7	4.7
886.2	4.6
886.7	4.6
887.2	4.6
887.7	4.6
888.1	4.5
888.6	4.6
889.1	4.7
889.6	4.5
890.1	4.3
890.6	4.4
891.0	4.5
891.5	4.5
892.0	4.4
892.5	4.4
893.0	4.6
893.5	4.5
893.9	4.3
894.4	4.4
894.9	4.5
895.4	4.4
895.9	4.2
896.4	4.3
896.8	4.6
897.3	4.5
897.8	4.3
898.3	4.2
898.8	4.3
899.3	4.2
899.8	4.1
900.2	4.1
900.7	4.3
901.2	4.2
901.7	4.1
902.2	4.0
902.7	4.0
903.1	4.0
903.6	4.1
904.1	4.1
904.6	4.3
905.1	4.3
905.6	4.2
906.0	4.2
906.5	4.3
907.0	4.2
907.5	4.0
908.0	3.9
908.5	4.1
908.9	4.0
909.4	4.0
909.9	4.2
910.4	4.3
910.9	4.2
911.4	4.1
911.9	4.0
912.3	4.1
912.8	4.2
913.3	4.1
913.8	4.0
914.3	4.0
914.8	3.9
915.2	3.8
915.7	3.8
916.2	3.9
916.7	3.8
917.2	3.8
917.7	3.8
918.1	4.0
918.6	4.0
919.1	4.0
919.6	4.0
920.1	4.1
920.6	4.1
921.1	4.1
921.5	4.2
922.0	4.3
922.5	4.1
923.0	4.0
923.5	4.0
924.0	4.2
924.4	4.1
924.9	4.0
925.4	4.0
925.9	4.0
926.4	4.0
926.9	3.9
927.3	3.9
927.8	4.0
928.3	3.9
928.8	3.9
929.3	4.0
929.8	4.1
930.2	4.0
930.7	3.8
931.2	3.7
931.7	3.8
932.2	3.8
932.7	3.8
933.2	4.0
933.6	4.0
934.1	4.0
934.6	3.9
935.1	3.9
935.6	4.0
936.1	4.0
936.5	4.0
937.0	4.0
937.5	4.0
938.0	3.9
938.5	3.7
939.0	3.7
939.4	3.9
939.9	3.7
940.4	3.8
940.9	3.9
941.4	4.0
941.9	4.0
942.3	3.9
942.8	4.0
943.3	4.2
943.8	4.0
944.3	3.9
944.8	3.9
945.3	3.9
945.7	3.9
946.2	3.9
946.7	4.0
947.2	4.1
947.7	3.9
948.2	3.8
948.6	3.9
949.1	4.0
949.6	3.9
950.1	3.8
950.6	3.8
951.1	4.1
951.5	3.9
952.0	3.9
952.5	3.9
953.0	3.9
953.5	3.9
954.0	3.8
954.5	3.9
954.9	4.2
955.4	4.1
955.9	4.0
956.4	4.1
956.9	4.2
957.4	4.1
957.8	4.0
958.3	4.1
958.8	4.3
959.3	4.2
959.8	4.0
960.3	4.1
960.7	4.3
961.2	4.3
961.7	4.1
962.2	4.2
962.7	4.5
963.2	4.5
963.6	4.4
964.1	4.4
964.6	4.3
965.1	4.1
965.6	4.0
966.1	4.1
966.6	4.4
967.0	4.4
967.5	4.4
968.0	4.3
968.5	4.3
969.0	4.2
969.5	4.1
969.9	4.1
970.4	4.3
970.9	4.2
971.4	4.2
971.9	4.2
972.4	4.4
972.8	4.5
973.3	4.4
973.8	4.4
974.3	4.5
974.8	4.3
975.3	4.3
975.7	4.4
976.2	4.5
976.7	4.5
977.2	4.4
977.7	4.4
978.2	4.5
978.7	4.3
979.1	4.3
979.6	4.5
980.1	4.6
980.6	4.6
981.1	4.5
981.6	4.6
982.0	4.7
982.5	4.5
983.0	4.4
983.5	4.5
984.0	4.7
984.5	4.6
984.9	4.6
985.4	4.6
985.9	4.7
986.4	4.7
986.9	4.6
987.4	4.6
987.9	4.6
988.3	4.5
988.8	4.5
989.3	4.6
989.8	4.7
990.3	4.8
990.8	4.7
991.2	4.6
991.7	4.6
992.2	4.6
992.7	4.6
993.2	4.6
993.7	4.8
994.1	4.7
994.6	4.5
995.1	4.5
995.6	4.6
996.1	4.6
996.6	4.4
997.0	4.5
997.5	4.7
998.0	4.6
998.5	4.5
999.0	4.6
999.5	4.8
1000.0	4.7
1000.4	4.6
1000.9	4.7
1001.4	5.0
1001.9	5.0
1002.4	4.9
1002.9	5.0
1003.3	5.2
1003.8	5.1
1004.3	4.9
1004.8	4.9
1005.3	5.1
1005.8	5.1
1006.2	5.1
1006.7	5.1
1007.2	5.1
1007.7	5.0
1008.2	5.0
1008.7	5.1
1009.1	5.2
1009.6	5.1
1010.1	5.0
1010.6	5.1
1011.1	5.3
1011.6	5.3
1012.1	5.1
1012.5	5.2
1013.0	5.4
1013.5	5.4
1014.0	5.3
1014.5	5.3
1015.0	5.5
1015.4	5.4
1015.9	5.0
1016.4	5.0
1016.9	5.1
1017.4	5.1
1017.9	5.0
1018.3	5.0
1018.8	5.1
1019.3	5.0
1019.8	4.8
1020.3	4.7
1020.8	4.8
1021.3	4.7
1021.7	4.5
1022.2	4.6
1022.7	4.8
1023.2	4.8
1023.7	4.6
1024.2	4.6
1024.6	4.7
1025.1	4.6
1025.6	4.6
1026.1	4.6
1026.6	4.6
1027.1	4.6
1027.5	4.6
1028.0	4.8
1028.5	5.0
1029.0	4.7
1029.5	4.5
1030.0	4.5
1030.4	4.7
1030.9	4.7
1031.4	4.5
1031.9	4.5
1032.4	4.6
1032.9	4.6
1033.4	4.5
1033.8	4.5
1034.3	4.5
1034.8	4.5
1035.3	4.4
1035.8	4.5
1036.3	4.7
1036.7	4.6
1037.2	4.5
1037.7	4.5
1038.2	4.5
1038.7	4.4
1039.2	4.3
1039.6	4.3
1040.1	4.5
1040.6	4.5
1041.1	4.3
1041.6	4.3
1042.1	4.3
1042.5	4.3
1043.0	4.2
1043.5	4.1
1044.0	4.2
1044.5	4.0
1045.0	3.9
1045.5	4.0
1045.9	4.1
1046.4	4.1
1046.9	4.1
1047.4	4.1
1047.9	4.2
1048.4	4.1
1048.8	4.0
1049.3	4.1
1049.8	4.3
1050.3	4.4
1050.8	4.3
1051.3	4.3
1051.7	4.5
1052.2	4.4
1052.7	4.3
1053.2	4.4
1053.7	4.4
1054.2	4.3
1054.6	4.1
1055.1	4.1
1055.6	4.2
1056.1	4.3
1056.6	4.2
1057.1	4.1
1057.6	4.1
1058.0	3.9
1058.5	3.7
1059.0	3.8
1059.5	4.1
1060.0	4.1
1060.5	4.0
1060.9	4.0
1061.4	4.1
1061.9	4.0
1062.4	3.8
1062.9	3.9
1063.4	4.1
1063.8	4.2
1064.3	4.0
1064.8	4.0
1065.3	4.1
1065.8	4.0
1066.3	3.8
1066.8	3.9
1067.2	4.2
1067.7	4.0
1068.2	3.9
1068.7	3.8
1069.2	3.9
1069.7	3.7
1070.1	3.6
1070.6	3.6
1071.1	3.8
1071.6	3.6
1072.1	3.6
1072.6	3.6
1073.0	3.7
1073.5	3.8
1074.0	3.7
1074.5	3.7
1075.0	3.8
1075.5	3.8
1075.9	3.7
1076.4	3.6
1076.9	3.7
1077.4	3.6
1077.9	3.6
1078.4	3.6
1078.9	3.8
1079.3	3.7
1079.8	3.7
1080.3	3.7
1080.8	3.7
1081.3	3.7
1081.8	3.7
1082.2	3.7
1082.7	3.9
1083.2	3.9
1083.7	3.8
1084.2	3.8
1084.7	3.8
1085.1	3.7
1085.6	3.7
1086.1	3.7
1086.6	3.8
1087.1	3.6
1087.6	3.5
1088.0	3.6
1088.5	3.7
1089.0	3.7
1089.5	3.6
1090.0	3.6
1090.5	3.8
1091.0	3.8
1091.4	3.8
1091.9	3.9
1092.4	3.9
1092.9	3.7
1093.4	3.6
1093.9	3.6
1094.3	3.8
1094.8	3.9
1095.3	3.8
1095.8	3.8
1096.3	3.8
1096.8	3.8
1097.2	3.7
1097.7	3.9
1098.2	4.1
1098.7	4.0
1099.2	3.8
1099.7	3.7
1100.2	3.7
1100.6	3.7
1101.1	3.6
1101.6	3.6
1102.1	3.8
1102.6	3.6
1103.1	3.5
1103.5	3.6
1104.0	3.7
1104.5	3.6
1105.0	3.4
1105.5	3.3
1106.0	3.4
1106.4	3.4
1106.9	3.2
1107.4	3.2
1107.9	3.3
1108.4	3.4
1108.9	3.4
1109.3	3.4
1109.8	3.6
1110.3	3.4
1110.8	3.3
1111.3	3.4
1111.8	3.5
1112.3	3.6
1112.7	3.6
1113.2	3.6
1113.7	3.7
1114.2	3.5
1114.7	3.4
1115.2	3.5
1115.6	3.6
1116.1	3.5
1116.6	3.4
1117.1	3.5
1117.6	3.7
1118.1	3.7
1118.5	3.5
1119.0	3.6
1119.5	3.6
1120.0	3.6
1120.5	3.6
1121.0	3.7
1121.4	3.8
1121.9	3.7
1122.4	3.6
1122.9	3.6
1123.4	3.7
1123.9	3.6
1124.4	3.6
1124.8	3.6
1125.3	3.7
1125.8	3.6
1126.3	3.6
1126.8	3.7
1127.3	3.7
1127.7	3.7
1128.2	3.6
1128.7	3.6
1129.2	3.7
1129.7	3.8
1130.2	3.8
1130.6	3.8
1131.1	3.8
1131.6	3.8
1132.1	3.8
1132.6	3.9
1133.1	4.1
1133.6	3.7
1134.0	3.7
1134.5	3.8
1135.0	3.8
1135.5	3.8
1136.0	3.8
1136.5	3.8
1136.9	3.9
1137.4	3.8
1137.9	3.6
1138.4	3.6
1138.9	3.7
1139.4	3.7
1139.8	3.6
1140.3	3.6
1140.8	3.8
1141.3	3.8
1141.8	3.7
1142.3	3.7
1142.7	3.6
1143.2	3.6
1143.7	3.5
1144.2	3.5
1144.7	3.6
1145.2	3.5
1145.7	3.5
1146.1	3.5
1146.6	3.5
1147.1	3.4
1147.6	3.4
1148.1	3.5
1148.6	3.7
1149.0	3.6
1149.5	3.5
1150.0	3.5
1150.5	3.5
1151.0	3.5
1151.5	3.6
1151.9	3.7
1152.4	3.7
1152.9	3.5
1153.4	3.5
1153.9	3.6
1154.4	3.6
1154.8	3.5
1155.3	3.5
1155.8	3.6
1156.3	3.8
1156.8	3.7
1157.3	3.7
1157.8	3.8
1158.2	3.9
1158.7	3.9
1159.2	4.0
1159.7	4.1
1160.2	4.2
1160.7	4.0
1161.1	3.8
1161.6	3.7
1162.1	3.7
1162.6	3.7
1163.1	3.8
1163.6	3.9
1164.0	4.1
1164.5	4.0
1165.0	4.0
1165.5	4.1
1166.0	4.4
1166.5	4.4
1167.0	4.2
1167.4	4.3
1167.9	4.4
1168.4	4.4
1168.9	4.3
1169.4	4.2
1169.9	4.2
1170.3	4.1
1170.8	3.9
1171.3	3.8
1171.8	3.8
1172.3	3.8
1172.8	3.6
1173.2	3.6
1173.7	3.6
1174.2	3.6
1174.7	3.4
1175.2	3.4
1175.7	3.6
1176.1	3.5
1176.6	3.4
1177.1	3.3
1177.6	3.4
1178.1	3.3
1178.6	3.2
1179.1	3.2
1179.5	3.4
1180.0	3.3
1180.5	3.3
1181.0	3.3
1181.5	3.3
1182.0	3.2
1182.4	3.1
1182.9	3.1
1183.4	3.2
1183.9	3.2
1184.4	3.3
1184.9	3.3
1185.3	3.4
1185.8	3.3
1186.3	3.2
1186.8	3.3
1187.3	3.5
1187.8	3.4
1188.2	3.4
1188.7	3.4
1189.2	3.5
1189.7	3.5
1190.2	3.5
1190.7	3.6
1191.2	3.7
1191.6	3.5
1192.1	3.4
1192.6	3.3
1193.1	3.3
1193.6	3.2
1194.1	3.1
1194.5	3.1
1195.0	3.3
1195.5	3.2
1196.0	3.1
1196.5	3.2
1197.0	3.3
1197.4	3.4
1197.9	3.4
1198.4	3.5
1198.9	3.7
