 nm      %
------------
241.6	1.5
242.2	1.4
242.7	1.2
243.2	1.4
243.8	1.5
244.3	1.5
244.8	1.4
245.4	1.4
245.9	1.3
246.4	1.3
246.9	1.2
247.5	1.3
248.0	1.4
248.5	1.3
249.1	1.2
249.6	1.2
250.1	1.3
250.7	1.4
251.2	1.3
251.7	1.4
252.3	1.5
252.8	1.3
253.3	1.2
253.9	1.2
254.4	1.3
254.9	1.2
255.5	1.2
256.0	1.3
256.5	1.5
257.1	1.4
257.6	1.3
258.1	1.3
258.7	1.4
259.2	1.4
259.7	1.2
260.2	1.2
260.8	1.2
261.3	1.2
261.8	1.1
262.4	1.2
262.9	1.3
263.4	1.1
264.0	1.0
264.5	1.1
265.0	1.2
265.6	1.1
266.1	1.1
266.6	1.2
267.2	1.3
267.7	1.2
268.2	1.1
268.8	1.1
269.3	1.2
269.8	1.1
270.4	1.0
270.9	1.2
271.4	1.2
272.0	1.2
272.5	1.1
273.0	1.2
273.5	1.3
274.1	1.2
274.6	1.1
275.1	1.1
275.7	1.2
276.2	1.2
276.7	1.1
277.3	1.2
277.8	1.2
278.3	1.1
278.9	1.0
279.4	1.1
279.9	1.2
280.5	1.1
281.0	1.0
281.5	1.1
282.1	1.2
282.6	1.2
283.1	1.1
283.7	1.2
284.2	1.3
284.7	1.2
285.3	1.2
285.8	1.3
286.3	1.3
286.8	1.1
287.4	1.0
287.9	1.1
288.4	1.2
289.0	1.2
289.5	1.1
290.0	1.2
290.6	1.3
291.1	1.1
291.6	0.9
292.2	1.0
292.7	1.0
293.2	1.0
293.8	0.8
294.3	0.8
294.8	0.9
295.4	0.9
295.9	0.8
296.4	0.9
297.0	1.0
297.5	1.0
298.0	1.0
298.6	1.1
299.1	1.2
299.6	1.2
300.1	1.1
300.7	1.1
301.2	1.1
301.7	1.1
302.3	1.0
302.8	1.0
303.3	1.0
303.9	1.0
304.4	0.9
304.9	0.9
305.5	1.0
306.0	0.9
306.5	0.9
307.1	1.0
307.6	1.0
308.1	1.0
308.7	0.9
309.2	1.0
309.7	1.0
310.3	1.0
310.8	1.0
311.3	1.0
311.8	1.1
312.4	1.0
312.9	0.9
313.4	1.1
314.0	1.1
314.5	1.0
315.0	0.9
315.6	1.1
316.1	1.1
316.6	1.0
317.2	1.0
317.7	1.1
318.2	1.1
318.8	1.1
319.3	1.1
319.8	1.1
320.4	1.1
320.9	1.1
321.4	1.0
322.0	1.1
322.5	1.2
323.0	1.3
323.6	1.2
324.1	1.2
324.6	1.2
325.1	1.0
325.7	0.9
326.2	1.0
326.7	1.1
327.3	1.1
327.8	1.0
328.3	1.0
328.9	1.0
329.4	0.9
329.9	0.8
330.5	1.0
331.0	1.0
331.5	0.9
332.1	0.8
332.6	0.9
333.1	1.0
333.7	0.9
334.2	0.8
334.7	0.9
335.3	1.0
335.8	1.0
336.3	0.9
336.9	0.8
337.4	0.9
337.9	0.9
338.4	0.9
339.0	1.1
339.5	1.2
340.0	1.0
340.6	0.9
341.1	0.9
341.6	1.0
342.2	0.9
342.7	0.8
343.2	0.9
343.8	1.0
344.3	0.9
344.8	0.8
345.4	0.9
345.9	0.9
346.4	0.9
347.0	0.9
347.5	1.0
348.0	1.0
348.6	0.9
349.1	0.9
349.6	0.9
350.2	1.0
350.7	1.0
351.2	0.9
351.7	1.1
352.3	1.1
352.8	0.9
353.3	0.9
353.9	1.0
354.4	1.1
354.9	1.0
355.5	1.0
356.0	1.2
356.5	1.3
357.1	1.2
357.6	1.1
358.1	1.1
358.7	1.2
359.2	1.2
359.7	1.2
360.3	1.3
360.8	1.3
361.3	1.3
361.9	1.2
362.4	1.3
362.9	1.4
363.5	1.3
364.0	1.1
364.5	1.2
365.0	1.2
365.6	1.2
366.1	1.1
366.6	1.1
367.2	1.2
367.7	1.2
368.2	1.1
368.8	1.1
369.3	1.2
369.8	1.1
370.4	1.0
370.9	1.1
371.4	1.1
372.0	0.9
372.5	0.8
373.0	1.0
373.6	1.0
374.1	1.0
374.6	1.0
375.2	1.0
375.7	1.0
376.2	0.9
376.8	0.9
377.3	1.1
377.8	1.1
378.3	1.0
378.9	1.0
379.4	1.1
379.9	1.1
380.5	1.0
381.0	0.9
381.5	1.0
382.1	1.1
382.6	1.2
383.1	1.1
383.7	1.2
384.2	1.2
384.7	1.1
385.3	1.0
385.8	1.1
386.3	1.2
386.9	1.1
387.4	1.0
387.9	1.1
388.5	1.1
389.0	1.0
389.5	0.9
390.1	1.0
390.6	1.0
391.1	1.1
391.6	1.0
392.2	1.1
392.7	1.1
393.2	1.0
393.8	0.8
394.3	1.0
394.8	1.1
395.4	1.0
395.9	1.0
396.4	1.0
397.0	1.1
397.5	1.2
398.0	1.2
398.6	1.5
399.1	1.7
399.6	1.8
400.2	1.9
400.7	2.3
401.2	2.7
401.8	2.9
402.3	3.4
402.8	5.0
403.4	8.8
403.9	13.1
404.4	9.6
404.9	3.3
405.5	1.8
406.0	1.5
406.5	1.4
407.1	1.4
407.6	1.4
408.1	1.3
408.7	1.1
409.2	1.0
409.7	1.1
410.3	1.1
410.8	1.1
411.3	1.2
411.9	1.3
412.4	1.1
412.9	1.0
413.5	1.2
414.0	1.2
414.5	1.1
415.1	1.0
415.6	1.1
416.1	1.2
416.7	1.2
417.2	1.1
417.7	1.2
418.2	1.2
418.8	1.1
419.3	1.0
419.8	1.2
420.4	1.2
420.9	1.2
421.4	1.1
422.0	1.3
422.5	1.4
423.0	1.1
423.6	1.0
424.1	1.2
424.6	1.4
425.2	1.4
425.7	1.3
426.2	1.4
426.8	1.5
427.3	1.4
427.8	1.3
428.4	1.4
428.9	1.5
429.4	1.5
430.0	1.5
430.5	1.7
431.0	1.8
431.5	1.9
432.1	2.2
432.6	3.1
433.1	5.9
433.7	9.5
434.2	9.1
434.7	17.7
435.3	56.6
435.8	75.9
436.3	21.1
436.9	4.0
437.4	3.7
437.9	1.9
438.5	1.5
439.0	1.6
439.5	1.5
440.1	1.3
440.6	1.3
441.1	1.3
441.7	1.3
442.2	1.2
442.7	1.2
443.3	1.3
443.8	1.3
444.3	1.3
444.8	1.2
445.4	1.2
445.9	1.2
446.4	1.2
447.0	1.2
447.5	1.3
448.0	1.2
448.6	1.1
449.1	1.0
449.6	1.0
450.2	1.1
450.7	1.2
451.2	1.0
451.8	1.1
452.3	1.2
452.8	1.2
453.4	1.2
453.9	1.3
454.4	1.4
455.0	1.3
455.5	1.2
456.0	1.4
456.6	1.4
457.1	1.2
457.6	1.2
458.1	1.3
458.7	1.4
459.2	1.3
459.7	1.2
460.3	1.4
460.8	1.4
461.3	1.3
461.9	1.2
462.4	1.2
462.9	1.3
463.5	1.4
464.0	1.3
464.5	1.4
465.1	1.4
465.6	1.3
466.1	1.2
466.7	1.3
467.2	1.4
467.7	1.3
468.3	1.3
468.8	1.4
469.3	1.5
469.8	1.4
470.4	1.2
470.9	1.3
471.4	1.3
472.0	1.3
472.5	1.3
473.0	1.4
473.6	1.3
474.1	1.3
474.6	1.2
475.2	1.4
475.7	1.5
476.2	1.5
476.8	1.5
477.3	1.6
477.8	1.7
478.4	1.8
478.9	1.8
479.4	2.1
480.0	2.4
480.5	2.6
481.0	3.0
481.6	3.9
482.1	4.8
482.6	5.5
483.1	6.8
483.7	8.7
484.2	10.5
484.7	12.1
485.3	14.0
485.8	15.7
486.3	16.6
486.9	16.8
487.4	16.7
487.9	16.5
488.5	15.9
489.0	14.7
489.5	13.6
490.1	12.9
490.6	12.3
491.1	11.8
491.7	11.3
492.2	10.9
492.7	10.4
493.3	9.8
493.8	9.1
494.3	8.5
494.9	8.0
495.4	7.3
495.9	6.7
496.4	6.3
497.0	5.9
497.5	5.4
498.0	4.9
498.6	4.7
499.1	4.2
499.6	3.4
500.2	2.9
500.7	2.9
501.2	2.7
501.8	2.4
502.3	2.1
502.8	2.1
503.4	2.0
503.9	1.9
504.4	1.7
505.0	1.7
505.5	1.7
506.0	1.6
506.6	1.5
507.1	1.5
507.6	1.5
508.2	1.4
508.7	1.4
509.2	1.5
509.7	1.6
510.3	1.6
510.8	1.6
511.3	1.7
511.9	1.8
512.4	1.7
512.9	1.6
513.5	1.7
514.0	1.8
514.5	1.7
515.1	1.5
515.6	1.6
516.1	1.7
516.7	1.7
517.2	1.5
517.7	1.5
518.3	1.5
518.8	1.4
519.3	1.3
519.9	1.4
520.4	1.5
520.9	1.4
521.5	1.4
522.0	1.5
522.5	1.6
523.0	1.5
523.6	1.5
524.1	1.6
524.6	1.7
525.2	1.6
525.7	1.5
526.2	1.8
526.8	1.9
527.3	1.8
527.8	1.7
528.4	1.7
528.9	1.8
529.4	1.9
530.0	1.9
530.5	2.0
531.0	2.3
531.6	2.5
532.1	2.8
532.6	3.7
533.2	4.5
533.7	4.6
534.2	4.6
534.8	5.1
535.3	5.6
535.8	6.0
536.3	7.3
536.9	10.0
537.4	13.5
537.9	16.0
538.5	18.6
539.0	22.5
539.5	30.7
540.1	40.0
540.6	52.1
541.1	63.7
541.7	64.6
542.2	61.7
542.7	59.3
543.3	58.1
543.8	58.2
544.3	56.4
544.9	59.7
545.4	76.3
545.9	85.7
546.5	69.4
547.0	55.9
547.5	50.1
548.1	44.2
548.6	39.3
549.1	34.9
549.6	31.1
550.2	27.7
550.7	23.8
551.2	20.4
551.8	17.9
552.3	15.6
552.8	13.3
553.4	11.2
553.9	9.5
554.4	7.9
555.0	6.5
555.5	5.4
556.0	4.9
556.6	4.5
557.1	4.1
557.6	3.6
558.2	3.2
558.7	3.0
559.2	2.9
559.8	2.7
560.3	2.7
560.8	2.6
561.4	2.3
561.9	2.2
562.4	2.4
562.9	2.4
563.5	2.2
564.0	2.1
564.5	2.2
565.1	2.2
565.6	2.1
566.1	2.0
566.7	2.0
567.2	2.0
567.7	1.9
568.3	1.9
568.8	2.0
569.3	2.0
569.9	2.0
570.4	1.9
570.9	2.0
571.5	2.1
572.0	2.1
572.5	2.1
573.1	2.3
573.6	2.5
574.1	2.7
574.7	2.8
575.2	3.8
575.7	10.8
576.2	20.1
576.8	18.2
577.3	14.3
577.8	16.6
578.4	20.2
578.9	19.7
579.4	18.9
580.0	18.4
580.5	17.7
581.0	17.7
581.6	18.5
582.1	19.8
582.6	20.7
583.2	21.0
583.7	21.2
584.2	21.1
584.8	20.7
585.3	21.0
585.8	24.5
586.4	30.0
586.9	31.4
587.4	26.5
588.0	20.5
588.5	16.5
589.0	15.1
589.5	15.3
590.1	15.8
590.6	17.3
591.1	20.0
591.7	23.6
592.2	26.1
592.7	26.2
593.3	23.1
593.8	17.8
594.3	14.2
594.9	13.2
595.4	12.9
595.9	12.8
596.5	12.6
597.0	13.1
597.5	14.6
598.1	16.2
598.6	17.1
599.1	17.0
599.7	15.8
600.2	13.3
600.7	10.7
601.3	9.4
601.8	8.8
602.3	8.6
602.8	8.6
603.4	9.0
603.9	9.4
604.4	9.6
605.0	10.0
605.5	11.2
606.0	13.0
606.6	15.5
607.1	18.9
607.6	25.0
608.2	29.8
608.7	39.4
609.2	60.7
609.8	87.3
610.3	100.0
610.8	95.5
611.4	80.1
611.9	71.1
612.4	63.1
613.0	58.9
613.5	54.3
614.0	49.2
614.6	41.7
615.1	33.6
615.6	27.1
616.1	22.5
616.7	18.9
617.2	16.5
617.7	15.5
618.3	15.3
618.8	15.0
619.3	14.9
619.9	15.0
620.4	15.3
620.9	15.6
621.5	15.8
622.0	16.4
622.5	16.9
623.1	17.2
623.6	17.3
624.1	17.5
624.7	17.9
625.2	18.2
625.7	18.3
626.3	18.2
626.8	18.2
627.3	18.2
627.8	18.3
628.4	20.0
628.9	23.5
629.4	26.1
630.0	26.4
630.5	23.3
631.0	16.7
631.6	10.6
632.1	7.6
632.6	6.2
633.2	5.4
633.7	4.8
634.2	4.2
634.8	4.0
635.3	3.8
635.8	3.5
636.4	3.3
636.9	3.3
637.4	3.2
638.0	3.0
638.5	2.9
639.0	3.0
639.6	3.0
640.1	2.8
640.6	2.8
641.1	3.0
641.7	3.2
642.2	3.2
642.7	3.2
643.3	3.3
643.8	3.5
644.3	3.6
644.9	3.6
645.4	3.6
645.9	3.9
646.5	4.1
647.0	4.3
647.5	4.9
648.1	6.4
648.6	7.6
649.1	7.8
649.7	7.3
650.2	6.7
650.7	6.1
651.3	5.7
651.8	5.3
652.3	4.8
652.9	4.3
653.4	3.9
653.9	3.8
654.4	3.8
655.0	3.7
655.5	3.5
656.0	3.6
656.6	3.5
657.1	3.4
657.6	3.2
658.2	3.3
658.7	3.4
659.2	3.5
659.8	3.9
660.3	4.5
660.8	4.7
661.4	4.4
661.9	3.9
662.4	3.6
663.0	3.3
663.5	3.1
664.0	2.9
664.6	2.9
665.1	2.9
665.6	2.9
666.2	2.8
666.7	2.9
667.2	2.9
667.7	2.8
668.3	2.7
668.8	2.6
669.3	2.6
669.9	2.6
670.4	2.5
670.9	2.7
671.5	2.7
672.0	2.6
672.5	2.5
673.1	2.5
673.6	2.6
674.1	2.7
674.7	2.6
675.2	2.6
675.7	2.7
676.3	2.7
676.8	2.6
677.3	2.6
677.9	2.6
678.4	2.5
678.9	2.4
679.5	2.5
680.0	2.6
680.5	2.6
681.0	2.6
681.6	2.5
682.1	2.7
682.6	2.8
683.2	2.9
683.7	2.9
684.2	3.2
684.8	3.5
685.3	3.7
685.8	3.7
686.4	3.5
686.9	3.1
687.4	2.7
688.0	2.3
688.5	2.3
689.0	2.3
689.6	2.2
690.1	2.2
690.6	2.4
691.2	2.5
691.7	2.4
692.2	2.3
692.8	2.1
693.3	1.9
693.8	1.7
694.3	1.8
694.9	1.7
695.4	1.7
695.9	1.6
696.5	1.7
697.0	1.7
697.5	1.8
698.1	1.8
698.6	1.9
699.1	2.0
699.7	2.0
700.2	2.0
700.7	2.3
701.3	2.7
701.8	3.0
702.3	3.2
702.9	3.9
703.4	5.6
703.9	7.6
704.5	8.4
705.0	8.5
705.5	8.6
706.1	9.0
706.6	9.2
707.1	8.7
707.6	7.3
708.2	6.1
708.7	6.0
709.2	6.7
709.8	7.1
710.3	6.8
710.8	5.2
711.4	3.6
711.9	2.5
712.4	2.0
713.0	1.7
713.5	1.6
714.0	1.5
714.6	1.6
715.1	1.4
715.6	1.3
716.2	1.3
716.7	1.4
717.2	1.4
717.8	1.4
718.3	1.4
718.8	1.4
719.4	1.3
719.9	1.3
720.4	1.3
720.9	1.3
721.5	1.2
722.0	1.2
722.5	1.3
723.1	1.4
723.6	1.4
724.1	1.5
724.7	1.5
725.2	1.5
725.7	1.4
726.3	1.4
726.8	1.5
727.3	1.6
727.9	1.4
728.4	1.4
728.9	1.4
729.5	1.4
730.0	1.3
730.5	1.4
731.1	1.4
731.6	1.3
732.1	1.2
732.7	1.2
733.2	1.2
733.7	1.2
734.2	1.1
734.8	1.3
735.3	1.4
735.8	1.4
736.4	1.3
736.9	1.3
737.4	1.3
738.0	1.2
738.5	1.2
739.0	1.4
739.6	1.4
740.1	1.4
740.6	1.3
741.2	1.3
741.7	1.4
742.2	1.5
742.8	1.4
743.3	1.4
743.8	1.5
744.4	1.5
744.9	1.3
745.4	1.4
746.0	1.5
746.5	1.5
747.0	1.5
747.5	1.6
748.1	1.6
748.6	1.6
749.1	1.5
749.7	1.5
750.2	1.4
750.7	1.2
751.3	1.1
751.8	1.2
752.3	1.2
752.9	1.3
753.4	1.2
753.9	1.2
754.5	1.3
755.0	1.3
755.5	1.2
756.1	1.4
756.6	1.4
757.1	1.5
757.7	1.4
758.2	1.5
758.7	1.6
759.3	1.6
759.8	1.8
760.3	2.0
760.8	1.9
761.4	1.8
761.9	1.6
762.4	1.5
763.0	1.4
763.5	1.3
764.0	1.2
764.6	1.2
765.1	1.2
765.6	1.2
766.2	1.2
766.7	1.4
767.2	1.4
767.8	1.4
768.3	1.4
768.8	1.6
769.4	1.5
769.9	1.3
770.4	1.1
771.0	1.1
771.5	1.1
772.0	1.1
772.6	1.1
773.1	1.2
773.6	1.2
774.1	1.2
774.7	1.1
775.2	1.2
775.7	1.2
776.3	1.1
776.8	1.0
777.3	1.2
777.9	1.2
778.4	1.2
778.9	1.1
779.5	1.1
780.0	1.2
780.5	1.2
781.1	1.1
781.6	1.2
782.1	1.2
782.7	1.3
783.2	1.2
783.7	1.2
784.3	1.3
784.8	1.3
785.3	1.2
785.8	1.2
786.4	1.2
786.9	1.1
787.4	0.9
788.0	1.0
788.5	1.1
789.0	1.1
789.6	0.9
790.1	0.9
790.6	1.0
791.2	1.2
791.7	1.1
792.2	1.1
792.8	1.2
793.3	1.2
793.8	1.1
794.4	1.2
794.9	1.3
795.4	1.4
796.0	1.2
796.5	1.3
797.0	1.3
797.6	1.4
798.1	1.3
798.6	1.4
799.1	1.4
799.7	1.3
800.2	1.2
800.7	1.2
801.3	1.3
801.8	1.3
802.3	1.2
802.9	1.2
803.4	1.3
803.9	1.4
804.5	1.5
805.0	1.6
805.5	1.7
806.1	1.7
806.6	1.7
807.1	2.0
807.7	2.2
808.2	2.1
808.7	1.8
809.3	1.6
809.8	1.5
810.3	1.4
810.9	1.2
811.4	1.2
811.9	1.3
812.4	1.2
813.0	1.2
813.5	1.3
814.0	1.2
814.6	1.1
815.1	1.0
815.6	1.1
816.2	1.1
816.7	1.1
817.2	1.0
817.8	1.2
818.3	1.2
818.8	1.0
819.4	0.9
819.9	1.1
820.4	1.1
821.0	1.2
821.5	1.1
822.0	1.1
822.6	1.2
823.1	1.2
823.6	1.1
824.2	1.1
824.7	1.1
825.2	1.1
825.7	1.0
826.3	1.0
826.8	1.0
827.3	1.0
827.9	0.8
828.4	0.8
828.9	0.8
829.5	0.8
830.0	0.8
830.5	0.9
831.1	0.9
831.6	1.0
832.1	0.8
832.7	0.9
833.2	0.9
833.7	1.0
834.3	0.9
834.8	0.9
835.3	1.0
835.9	1.1
836.4	1.1
836.9	1.3
837.5	1.3
838.0	1.4
838.5	1.3
839.0	1.3
839.6	1.2
840.1	1.1
840.6	0.9
841.2	1.0
841.7	1.0
842.2	0.9
842.8	0.8
843.3	1.0
843.8	1.0
844.4	0.9
844.9	0.8
845.4	1.0
846.0	1.1
846.5	1.0
847.0	1.0
847.6	1.1
848.1	1.1
848.6	1.1
849.2	0.9
849.7	1.0
850.2	1.0
850.8	1.0
851.3	0.9
851.8	0.9
852.3	0.9
852.9	1.0
853.4	0.9
853.9	0.9
854.5	1.0
855.0	1.0
855.5	0.9
856.1	0.9
856.6	0.9
857.1	0.9
857.7	0.8
858.2	0.9
858.7	0.9
859.3	0.9
859.8	0.7
860.3	0.7
860.9	0.7
861.4	0.7
861.9	0.6
862.5	0.8
863.0	0.9
863.5	1.0
864.1	1.0
864.6	1.2
865.1	1.3
865.6	1.2
866.2	2.0
866.7	3.2
867.2	3.1
867.8	2.5
868.3	1.8
868.8	1.4
869.4	1.3
869.9	1.2
870.4	1.0
871.0	1.0
871.5	1.1
872.0	1.0
872.6	0.9
873.1	0.9
873.6	1.0
874.2	1.0
874.7	0.8
875.2	0.8
875.8	0.9
876.3	0.9
876.8	0.8
877.4	0.9
877.9	0.9
878.4	0.9
878.9	0.8
879.5	0.8
880.0	0.7
880.5	0.6
881.1	0.5
881.6	0.6
882.1	0.6
882.7	0.6
883.2	0.5
883.7	0.6
884.3	0.6
884.8	0.6
885.3	0.5
885.9	0.6
886.4	0.7
886.9	0.7
887.5	0.6
888.0	0.6
888.5	0.7
889.1	0.7
889.6	0.5
890.1	0.6
890.7	0.6
891.2	0.6
891.7	0.5
892.2	0.7
892.8	0.7
893.3	0.7
893.8	0.6
894.4	0.7
894.9	0.7
895.4	0.8
896.0	0.7
896.5	0.7
897.0	0.7
897.6	0.7
898.1	0.6
898.6	0.7
899.2	0.7
899.7	0.8
900.2	0.7
900.8	0.8
901.3	0.8
901.8	0.8
902.4	0.7
902.9	0.7
903.4	0.8
904.0	0.8
904.5	0.7
905.0	0.7
905.5	0.8
906.1	0.7
906.6	0.6
907.1	0.7
907.7	0.7
908.2	0.7
908.7	0.7
909.3	0.7
909.8	0.7
910.3	0.7
910.9	0.7
911.4	0.7
911.9	0.7
912.5	0.6
913.0	0.5
913.5	0.6
914.1	0.7
914.6	0.7
915.1	0.6
915.7	0.7
916.2	0.7
916.7	0.6
917.3	0.6
917.8	0.6
918.3	0.7
918.8	0.6
919.4	0.5
919.9	0.6
920.4	0.6
921.0	0.6
921.5	0.5
922.0	0.6
922.6	0.6
923.1	0.6
923.6	0.5
924.2	0.5
924.7	0.5
925.2	0.5
925.8	0.5
926.3	0.6
926.8	0.6
927.4	0.6
927.9	0.5
928.4	0.5
929.0	0.6
929.5	0.6
930.0	0.5
930.6	0.6
931.1	0.6
931.6	0.6
932.1	0.5
932.7	0.5
933.2	0.6
933.7	0.5
934.3	0.4
934.8	0.5
935.3	0.5
935.9	0.5
936.4	0.4
936.9	0.4
937.5	0.4
938.0	0.4
938.5	0.4
939.1	0.5
939.6	0.6
940.1	0.6
940.7	0.5
941.2	0.6
941.7	0.5
942.3	0.5
942.8	0.4
943.3	0.5
943.8	0.5
944.4	0.5
944.9	0.5
945.4	0.6
946.0	0.6
946.5	0.6
947.0	0.5
947.6	0.6
948.1	0.6
948.6	0.6
949.2	0.5
949.7	0.5
950.2	0.5
950.8	0.5
951.3	0.4
951.8	0.5
952.4	0.5
952.9	0.5
953.4	0.5
954.0	0.6
954.5	0.6
955.0	0.6
955.6	0.6
956.1	0.6
956.6	0.7
957.1	0.8
957.7	0.7
958.2	0.8
958.7	0.8
959.3	0.8
959.8	0.7
960.3	0.8
960.9	0.8
961.4	0.9
961.9	0.8
962.5	0.8
963.0	0.8
963.5	0.8
964.1	0.7
964.6	0.7
965.1	0.8
965.7	0.8
966.2	0.8
966.7	0.9
967.3	0.9
967.8	0.8
968.3	0.7
968.9	0.8
969.4	0.9
969.9	1.0
970.4	0.9
971.0	0.9
971.5	0.8
972.0	0.8
972.6	0.7
973.1	0.7
973.6	0.8
974.2	0.8
974.7	0.7
975.2	0.7
975.8	0.6
976.3	0.6
976.8	0.5
977.4	0.6
977.9	0.6
978.4	0.7
979.0	0.6
979.5	0.7
980.0	0.7
980.6	0.7
981.1	0.7
981.6	0.8
982.2	0.8
982.7	0.8
983.2	0.6
983.7	0.6
984.3	0.6
984.8	0.7
985.3	0.5
985.9	0.6
986.4	0.6
986.9	0.6
987.5	0.5
988.0	0.6
988.5	0.6
989.1	0.5
989.6	0.4
990.1	0.5
990.7	0.5
991.2	0.5
991.7	0.4
992.3	0.5
992.8	0.5
993.3	0.5
993.9	0.4
994.4	0.5
994.9	0.6
995.5	0.6
996.0	0.5
996.5	0.5
997.0	0.6
997.6	0.5
998.1	0.5
998.6	0.5
999.2	0.6
999.7	0.6
1000.2	0.5
1000.8	0.6
1001.3	0.7
1001.8	0.6
1002.4	0.5
1002.9	0.6
1003.4	0.7
1004.0	0.7
1004.5	0.5
1005.0	0.5
1005.6	0.5
1006.1	0.4
1006.6	0.4
1007.2	0.5
1007.7	0.5
1008.2	0.5
1008.8	0.4
1009.3	0.4
1009.8	0.4
1010.3	0.4
1010.9	0.4
1011.4	0.4
1011.9	0.4
1012.5	0.4
1013.0	0.4
1013.5	0.4
1014.1	0.4
1014.6	0.4
1015.1	0.3
1015.7	0.3
1016.2	0.3
1016.7	0.4
1017.3	0.3
1017.8	0.3
1018.3	0.4
1018.9	0.4
1019.4	0.3
1019.9	0.3
1020.5	0.4
1021.0	0.4
1021.5	0.3
1022.1	0.4
1022.6	0.5
1023.1	0.5
1023.6	0.4
1024.2	0.4
1024.7	0.4
1025.2	0.4
1025.8	0.4
1026.3	0.4
1026.8	0.4
1027.4	0.4
1027.9	0.4
1028.4	0.5
1029.0	0.5
1029.5	0.5
1030.0	0.4
1030.6	0.4
1031.1	0.4
1031.6	0.4
1032.2	0.4
1032.7	0.4
1033.2	0.5
1033.8	0.5
1034.3	0.4
1034.8	0.4
1035.4	0.4
1035.9	0.4
1036.4	0.3
1036.9	0.4
1037.5	0.4
1038.0	0.4
1038.5	0.3
1039.1	0.4
1039.6	0.3
1040.1	0.3
1040.7	0.2
1041.2	0.3
1041.7	0.3
1042.3	0.3
1042.8	0.3
1043.3	0.3
1043.9	0.4
1044.4	0.3
1044.9	0.3
1045.5	0.3
1046.0	0.4
1046.5	0.4
1047.1	0.4
1047.6	0.4
1048.1	0.4
1048.7	0.4
1049.2	0.4
1049.7	0.4
1050.2	0.5
1050.8	0.5
1051.3	0.5
1051.8	0.4
1052.4	0.4
1052.9	0.5
1053.4	0.5
1054.0	0.5
1054.5	0.6
1055.0	0.6
1055.6	0.5
1056.1	0.5
1056.6	0.6
1057.2	0.6
1057.7	0.5
1058.2	0.6
1058.8	0.7
1059.3	0.8
1059.8	0.7
1060.4	0.8
1060.9	0.8
1061.4	0.8
1062.0	0.7
1062.5	0.7
1063.0	0.8
1063.5	0.8
1064.1	0.7
1064.6	0.8
1065.1	0.8
1065.7	0.7
1066.2	0.6
1066.7	0.6
1067.3	0.6
1067.8	0.6
1068.3	0.6
1068.9	0.6
1069.4	0.7
1069.9	0.7
1070.5	0.7
1071.0	0.7
1071.5	0.8
1072.1	0.8
1072.6	0.8
1073.1	0.9
1073.7	1.1
1074.2	1.1
1074.7	1.2
1075.3	1.3
1075.8	1.4
1076.3	1.4
1076.8	1.4
1077.4	1.6
1077.9	1.7
1078.4	1.7
1079.0	1.7
1079.5	1.8
1080.0	1.8
1080.6	1.8
1081.1	1.7
1081.6	1.6
1082.2	1.7
1082.7	1.6
1083.2	1.6
1083.8	1.8
1084.3	1.9
1084.8	1.9
1085.4	1.9
1085.9	2.0
1086.4	2.1
1087.0	2.0
1087.5	2.1
1088.0	2.6
1088.6	2.7
1089.1	2.3
1089.6	1.7
1090.1	1.5
1090.7	1.4
1091.2	1.3
1091.7	1.1
1092.3	1.1
1092.8	1.0
1093.3	1.0
1093.9	0.9
1094.4	0.8
1094.9	0.9
1095.5	0.8
1096.0	0.8
1096.5	0.8
1097.1	0.8
1097.6	0.8
1098.1	0.7
1098.7	0.8
1099.2	0.8
1099.7	0.8
1100.3	0.8
1100.8	0.8
1101.3	0.9
1101.9	0.9
1102.4	0.8
1102.9	0.8
1103.4	0.8
1104.0	0.7
1104.5	0.6
1105.0	0.7
1105.6	0.7
1106.1	0.7
1106.6	0.6
1107.2	0.6
1107.7	0.6
1108.2	0.5
1108.8	0.4
1109.3	0.5
1109.8	0.5
1110.4	0.5
1110.9	0.5
1111.4	0.5
1112.0	0.6
1112.5	0.5
1113.0	0.4
1113.6	0.5
1114.1	0.6
1114.6	0.6
1115.2	0.5
1115.7	0.6
1116.2	0.6
1116.7	0.6
1117.3	0.5
1117.8	0.6
1118.3	0.6
1118.9	0.6
1119.4	0.4
1119.9	0.4
1120.5	0.4
1121.0	0.4
1121.5	0.3
1122.1	0.4
1122.6	0.4
1123.1	0.4
1123.7	0.3
1124.2	0.4
1124.7	0.4
1125.3	0.4
1125.8	0.4
1126.3	0.4
1126.9	0.4
1127.4	0.4
1127.9	0.3
1128.4	0.3
1129.0	0.3
1129.5	0.3
1130.0	0.3
1130.6	0.3
1131.1	0.3
1131.6	0.3
1132.2	0.3
1132.7	0.4
1133.2	0.4
1133.8	0.4
1134.3	0.3
1134.8	0.3
1135.4	0.4
1135.9	0.4
1136.4	0.3
1137.0	0.3
1137.5	0.4
1138.0	0.4
1138.6	0.3
1139.1	0.3
1139.6	0.3
1140.2	0.3
1140.7	0.3
1141.2	0.3
1141.7	0.3
1142.3	0.3
1142.8	0.3
1143.3	0.3
1143.9	0.4
1144.4	0.5
1144.9	0.5
1145.5	0.5
1146.0	0.4
1146.5	0.4
1147.1	0.3
1147.6	0.4
1148.1	0.5
1148.7	0.5
1149.2	0.6
1149.7	0.6
1150.3	0.6
1150.8	0.6
1151.3	0.6
1151.9	0.7
1152.4	0.7
1152.9	0.6
1153.5	0.5
1154.0	0.5
1154.5	0.5
1155.0	0.5
1155.6	0.4
1156.1	0.5
1156.6	0.5
1157.2	0.5
1157.7	0.4
1158.2	0.4
1158.8	0.4
1159.3	0.3
1159.8	0.3
1160.4	0.3
1160.9	0.3
1161.4	0.3
1162.0	0.2
1162.5	0.3
1163.0	0.4
1163.6	0.4
1164.1	0.4
1164.6	0.4
1165.2	0.4
1165.7	0.4
1166.2	0.3
1166.8	0.4
1167.3	0.5
1167.8	0.4
1168.3	0.4
1168.9	0.5
1169.4	0.5
1169.9	0.4
1170.5	0.4
1171.0	0.5
1171.5	0.5
1172.1	0.5
1172.6	0.4
1173.1	0.5
1173.7	0.6
1174.2	0.6
1174.7	0.4
1175.3	0.4
1175.8	0.4
1176.3	0.4
1176.9	0.3
1177.4	0.3
1177.9	0.3
1178.5	0.3
1179.0	0.3
1179.5	0.3
1180.1	0.3
1180.6	0.3
1181.1	0.2
1181.6	0.3
1182.2	0.3
1182.7	0.4
1183.2	0.4
1183.8	0.4
1184.3	0.5
1184.8	0.4
1185.4	0.4
1185.9	0.5
1186.4	0.5
1187.0	0.5
1187.5	0.5
1188.0	0.4
1188.6	0.4
1189.1	0.5
1189.6	0.4
1190.2	0.4
1190.7	0.4
1191.2	0.4
1191.8	0.3
1192.3	0.3
1192.8	0.3
1193.4	0.3
1193.9	0.2
1194.4	0.3
1194.9	0.3
1195.5	0.2
1196.0	0.2
1196.5	0.2
1197.1	0.3
1197.6	0.3
1198.1	0.3
1198.7	0.3
1199.2	0.4
1199.7	0.4
1200.3	0.3
1200.8	0.3
1201.3	0.2
1201.9	0.2
1202.4	0.1
1202.9	0.1
1203.5	0.1
1204.0	0.2
1204.5	0.1
1205.1	0.1
1205.6	0.1
1206.1	0.1
1206.7	0.1
1207.2	0.1
1207.7	0.2
1208.2	0.2
1208.8	0.2
1209.3	0.2
1209.8	0.2
1210.4	0.2
1210.9	0.1
1211.4	0.1
1212.0	0.2
1212.5	0.2
1213.0	0.2
1213.6	0.2
1214.1	0.2
1214.6	0.2
1215.2	0.2
1215.7	0.2
1216.2	0.3
1216.8	0.4
1217.3	0.4
1217.8	0.4
1218.4	0.4
1218.9	0.5
1219.4	0.6
1220.0	0.7
1220.5	0.8
1221.0	0.9
1221.5	1.0
1222.1	1.2
1222.6	1.5
1223.1	1.9
1223.7	2.5
1224.2	3.3
1224.7	3.9
1225.3	3.9
1225.8	3.5
1226.3	2.8
1226.9	2.1
1227.4	1.5
1227.9	1.2
1228.5	1.1
1229.0	1.0
1229.5	0.9
1230.1	0.8
1230.6	0.7
1231.1	0.8
1231.7	0.7
1232.2	0.6
1232.7	0.6
1233.3	0.6
1233.8	0.6
1234.3	0.5
1234.8	0.5
1235.4	0.5
1235.9	0.4
1236.4	0.3
1237.0	0.3
1237.5	0.2
1238.0	0.2
1238.6	0.1
1239.1	0.1
1239.6	0.1
1240.2	0.1
1240.7	0.1
1241.2	0.1
1241.8	0.1
1242.3	0.1
1242.8	0.1
1243.4	0.1
1243.9	0.1
1244.4	0.1
1245.0	0.0
1245.5	0.0
1246.0	0.1
1246.6	0.1
1247.1	0.0
1247.6	0.0
1248.1	0.1
1248.7	0.1
1249.2	0.1
1249.7	0.1
1250.3	0.1
1250.8	0.1
1251.3	0.1
1251.9	0.1
1252.4	0.1
1252.9	0.1
1253.5	0.1
1254.0	0.1
1254.5	0.1
1255.1	0.1
1255.6	0.1
1256.1	0.1
1256.7	0.1
1257.2	0.1
1257.7	0.0
1258.3	0.0
1258.8	0.0
1259.3	0.0
1259.9	0.1
1260.4	0.1
1260.9	0.1
1261.4	0.1
1262.0	0.2
1262.5	0.2
